Frame,Time,X,Y
0,0,152,143
1,0.04,152.009172,143.000441
2,0.08,152.072411,143.002352
3,0.12,152.22039,143.00085
4,0.16,152.474993,143.017001
5,0.2,152.759849,142.979546
6,0.24,153.106311,142.992267
7,0.28,153.418706,142.967587
8,0.32,153.813975,143.010063
9,0.36,154.131139,142.99641
10,0.4,154.434523,143.046892
11,0.44,154.783706,143.073815
12,0.48,155.109373,143.143425
13,0.52,155.328609,143.128092
14,0.56,155.538785,143.172761
15,0.6,155.675758,143.152054
16,0.64,155.75346,143.164161
17,0.68,155.749333,143.120454
18,0.72,155.717405,143.152999
19,0.76,155.560018,143.104162
20,0.8,155.413283,143.106271
21,0.84,155.162416,143.074159
22,0.88,154.863812,143.112984
23,0.92,154.526861,143.104145
24,0.96,154.115383,143.103255
25,1,153.688161,143.058807
26,1.04,153.192852,143.056549
27,1.08,152.51595,143.039654
28,1.12,151.802071,143.061613
29,1.16,150.884766,143.047491
30,1.2,149.884198,143.026592
31,1.24,148.788584,142.957014
32,1.28,147.577074,142.953735
33,1.32,146.29428,142.899895
34,1.36,144.990608,142.915018
35,1.4,143.518681,142.921814
36,1.44,142.13097,143.039866
37,1.48,140.671949,143.1224
38,1.52,139.10636,143.28849
39,1.56,137.52828,143.411843
40,1.6,136.113246,143.502555
41,1.64,134.763501,143.637296
42,1.68,133.420454,143.99118
43,1.72,132.119304,144.344731
44,1.76,131.0165,144.888606
45,1.8,130.004378,145.520055
46,1.84,129.276204,146.017093
47,1.88,128.754952,146.371113
48,1.92,128.5331,146.648966
49,1.96,128.371034,146.762039
50,2,128.331178,146.904646
51,2.04,128.370417,146.970764
52,2.08,128.599393,147.097661
53,2.12,128.757431,147.180249
54,2.16,129.132854,147.294534
55,2.2,129.501152,147.32121
56,2.24,129.947543,147.346989
57,2.28,130.398544,147.369807
58,2.32,130.868445,147.432021
59,2.36,131.254464,147.468201
60,2.4,131.777035,147.551008
61,2.44,132.220634,147.513771
62,2.48,132.760662,147.606465
63,2.52,133.274006,147.633336
64,2.56,133.854428,147.699795
65,2.6,134.389928,147.718614
66,2.64,134.922762,147.785099
67,2.68,135.550819,147.720232
68,2.72,136.150435,147.729936
69,2.76,136.726395,147.711674
70,2.8,137.290098,147.685867
71,2.84,137.831263,147.566711
72,2.88,138.271564,147.556399
73,2.92,138.688192,147.468192
74,2.96,139.127688,147.44817
75,3,139.502568,147.385848
76,3.04,139.879067,147.34763
77,3.08,140.235521,147.270236
78,3.12,140.62126,147.237514
79,3.16,141.099299,147.111471
80,3.2,141.62128,147.088135
81,3.24,142.053952,147.024801
82,3.28,142.396833,147.001432
83,3.32,142.618783,146.923754
84,3.36,142.813082,146.90212
85,3.4,142.866463,146.869529
86,3.44,142.872234,146.844713
87,3.48,142.824827,146.834864
88,3.52,142.764529,146.827592
89,3.56,142.551356,146.848543
90,3.6,142.344521,146.87402
91,3.64,142.061091,146.828297
92,3.68,141.812691,146.810812
93,3.72,141.481124,146.793665
94,3.76,141.089182,146.747959
95,3.8,140.626853,146.649722
96,3.84,140.17016,146.585873
97,3.88,139.638946,146.415394
98,3.92,139.015834,146.342198
99,3.96,138.340978,146.197686
100,4,137.572705,146.114561
101,4.04,136.840943,145.98035
102,4.08,136.024405,145.971868
103,4.12,135.339812,145.918055
104,4.16,134.506556,145.879691
105,4.2,133.820786,145.875611
106,4.24,133.104646,145.881241
107,4.28,132.342633,145.840596
108,4.32,131.708872,145.876291
109,4.36,131.145797,145.872551
110,4.4,130.606548,145.883734
111,4.44,130.047217,145.892701
112,4.48,129.597484,145.933433
113,4.52,129.188684,145.876512
114,4.56,128.783628,145.934111
115,4.6,128.341642,145.89355
116,4.64,128.108305,145.945559
117,4.68,127.763034,145.946966
118,4.72,127.512576,146.018941
119,4.76,127.165532,146.077062
120,4.8,126.932686,146.142429
121,4.84,126.717771,146.150755
122,4.88,126.479203,146.185655
123,4.92,126.297452,146.208409
124,4.96,126.169139,146.291502
125,5,125.823534,146.269648
126,5.04,125.765752,146.36099
127,5.08,125.60257,146.420905
128,5.12,125.604763,146.4716
129,5.16,125.524118,146.505611
130,5.2,125.510944,146.681306
131,5.24,125.511275,146.7588
132,5.28,125.50753,146.814383
133,5.32,125.510393,146.826992
134,5.36,125.566874,146.904862
135,5.4,125.623963,146.948348
136,5.44,125.751071,147.040051
137,5.48,125.741912,147.022303
138,5.52,125.865135,147.095498
139,5.56,125.915187,147.070813
140,5.6,126.075102,147.08023
141,5.64,126.231174,147.064169
142,5.68,126.381477,147.021952
143,5.72,126.526322,146.96233
144,5.76,126.790565,146.891447
145,5.8,126.95684,146.752034
146,5.84,127.231547,146.665397
147,5.88,127.422956,146.53935
148,5.92,127.622986,146.432498
149,5.96,127.772576,146.181801
150,6,128.106215,145.980631
151,6.04,128.391075,145.652781
152,6.08,128.773606,145.442103
153,6.12,129.071808,145.266516
154,6.16,129.421122,145.101638
155,6.2,129.758368,144.907047
156,6.24,130.200854,144.849173
157,6.28,130.654226,144.708878
158,6.32,131.003812,144.600919
159,6.36,131.540096,144.477059
160,6.4,132.040438,144.347051
161,6.44,132.40441,144.111107
162,6.48,132.779999,144.000936
163,6.52,133.146588,143.785038
164,6.56,133.466149,143.573571
165,6.6,133.782226,143.486802
166,6.64,134.097839,143.442619
167,6.68,134.368714,143.385954
168,6.72,134.668477,143.436252
169,6.76,134.931476,143.446612
170,6.8,135.189993,143.516923
171,6.84,135.224381,143.515772
172,6.88,135.201216,143.580133
173,6.92,135.03938,143.647983
174,6.96,134.857952,143.770398
175,7,134.696032,143.82747
176,7.04,134.444994,143.879321
177,7.08,134.032442,143.969808
178,7.12,133.654009,144.120585
179,7.16,133.328414,144.179759
180,7.2,132.906332,144.262232
181,7.24,132.433587,144.205916
182,7.28,131.972507,144.152869
183,7.32,131.395592,144.037484
184,7.36,130.841865,143.946152
185,7.4,130.273427,143.801231
186,7.44,129.857318,143.752996
187,7.48,129.48378,143.688603
188,7.52,129.18281,143.671558
189,7.56,129.035402,143.671132
190,7.6,129.04518,143.79136
191,7.64,129.072916,143.814973
192,7.68,129.147989,143.843456
193,7.72,129.254385,143.790316
194,7.76,129.612781,143.793986
195,7.8,129.774884,143.778994
196,7.84,129.979062,143.863952
197,7.88,130.243626,143.863849
198,7.92,130.373427,143.975155
199,7.96,130.510193,144.049355
200,8,130.770965,144.141933
201,8.04,130.922683,144.264636
202,8.08,131.144489,144.313045
203,8.12,131.289462,144.226021
204,8.16,131.414941,144.166858
205,8.2,131.468562,143.990847
206,8.24,131.569186,143.77876
207,8.28,131.604028,143.601642
208,8.32,131.548008,143.471513
209,8.36,131.407123,143.283695
210,8.4,131.208972,143.27377
211,8.44,130.970955,143.205874
212,8.48,130.813584,143.279193
213,8.52,130.605888,143.377876
214,8.56,130.285418,143.614405
215,8.6,129.956336,143.713356
216,8.64,129.473258,143.971404
217,8.68,128.879161,144.181374
218,8.72,128.295558,144.382873
219,8.76,127.64344,144.443891
220,8.8,127.039337,144.551081
221,8.84,126.417703,144.55052
222,8.88,125.860382,144.740418
223,8.92,125.303595,144.791204
224,8.96,124.929029,144.886108
225,9,124.502235,144.950068
226,9.04,124.111971,145.125387
227,9.08,123.745182,145.20872
228,9.12,123.57216,145.307035
229,9.16,123.411166,145.246491
230,9.2,123.433989,145.256363
231,9.24,123.416938,145.177475
232,9.28,123.539033,145.106854
233,9.32,123.693193,145.060509
234,9.36,123.905153,145.009936
235,9.4,124.10671,144.902101
236,9.44,124.352529,144.905709
237,9.48,124.717963,144.856656
238,9.52,125.013168,144.911681
239,9.56,125.326769,144.932909
240,9.6,125.575206,145.032156
241,9.64,125.751866,145.000117
242,9.68,126.017936,144.99856
243,9.72,126.023084,144.918103
244,9.76,125.960756,144.833259
245,9.8,125.801348,144.79227
246,9.84,125.651808,144.750677
247,9.88,125.51176,144.601409
248,9.92,125.396347,144.368478
249,9.96,125.231598,144.04833
250,10,125.116647,143.947655
251,10.04,124.823297,143.845961
252,10.08,124.587546,143.920428
253,10.12,124.257425,143.921367
254,10.16,123.933987,144.033706
255,10.2,123.395007,144.117959
256,10.24,122.891587,144.299474
257,10.28,122.322921,144.535349
258,10.32,121.790146,144.793707
259,10.36,121.154453,144.936609
260,10.4,120.687428,145.143544
261,10.44,120.129241,145.218204
262,10.48,119.644187,145.388525
263,10.52,119.138894,145.459149
264,10.56,118.653595,145.582988
265,10.6,118.13287,145.598289
266,10.64,117.610689,145.680864
267,10.68,117.046125,145.743486
268,10.72,116.566186,145.834387
269,10.76,116.16555,145.909362
270,10.8,115.909543,146.017883
271,10.84,115.766316,145.988501
272,10.88,115.839074,145.916641
273,10.92,115.919448,145.733985
274,10.96,116.169543,145.615805
275,11,116.385612,145.437261
276,11.04,116.715526,145.412905
277,11.08,116.92373,145.328383
278,11.12,117.223827,145.293293
279,11.16,117.329497,145.254795
280,11.2,117.462593,145.20906
281,11.24,117.421467,145.170873
282,11.28,117.543849,145.275633
283,11.32,117.550254,145.304308
284,11.36,117.856008,145.297463
285,11.4,117.974309,145.270196
286,11.44,118.182464,145.352381
287,11.48,118.358219,145.365265
288,11.52,118.793874,145.423047
289,11.56,119.166696,145.322521
290,11.6,119.784828,145.275255
291,11.64,120.338327,145.11972
292,11.68,121.209889,144.88087
293,11.72,122.118951,144.571656
294,11.76,123.169337,144.464243
295,11.8,124.421347,144.325543
296,11.84,125.788796,144.243957
297,11.88,127.102238,144.101338
298,11.92,128.516318,144.064694
299,11.96,129.897451,143.959412
300,12,131.222862,143.970717
301,12.04,132.447728,143.900549
302,12.08,133.614326,143.900874
303,12.12,134.690887,143.85652
304,12.16,135.734342,143.867441
305,12.2,136.654649,143.864458
306,12.24,137.54273,143.925791
307,12.28,138.197021,143.939061
308,12.32,138.79871,143.951934
309,12.36,139.319148,143.995971
310,12.4,139.659775,144.112324
311,12.44,139.813637,144.122868
312,12.48,139.854323,144.141504
313,12.52,139.758877,144.061437
314,12.56,139.717465,143.993509
315,12.6,139.546694,143.860074
316,12.64,139.493112,143.730886
317,12.68,139.4683,143.654135
318,12.72,139.425802,143.578643
319,12.76,139.4741,143.508114
320,12.8,139.542005,143.510635
321,12.84,139.669479,143.494667
322,12.88,139.866914,143.46846
323,12.92,140.080822,143.491045
324,12.96,140.176968,143.532001
325,13,140.212421,143.637331
326,13.04,140.161357,143.719176
327,13.08,140.081348,143.778043
328,13.12,139.891209,143.801045
329,13.16,139.584423,143.797057
330,13.2,139.039488,143.806124
331,13.24,138.537697,143.84127
332,13.28,137.77354,143.883039
333,13.32,136.837551,143.955407
334,13.36,135.769703,143.996933
335,13.4,134.650509,143.85428
336,13.44,133.502898,143.646385
337,13.48,132.362397,143.520893
338,13.52,131.185881,143.400896
339,13.56,129.898513,143.36491
340,13.6,128.579763,143.349718
341,13.64,127.46037,143.351325
342,13.68,126.243481,143.382896
343,13.72,125.091367,143.458204
344,13.76,124.097699,143.634224
345,13.8,123.255822,143.802535
346,13.84,122.542231,143.997522
347,13.88,121.908257,144.245662
348,13.92,121.346494,144.444117
349,13.96,120.74308,144.694346
350,14,120.233742,145.117368
351,14.04,119.535229,145.498266
352,14.08,118.804839,145.851132
353,14.12,118.044307,146.178341
354,14.16,117.276206,146.465593
355,14.2,116.485297,146.643861
356,14.24,115.867614,146.859235
357,14.28,115.379949,146.919658
358,14.32,115.003771,146.883149
359,14.36,114.975689,146.652131
360,14.4,115.086028,146.308608
361,14.44,115.300891,145.945022
362,14.48,115.603745,145.627337
363,14.52,116.03818,145.466008
364,14.56,116.430407,145.298397
365,14.6,116.794784,145.164321
366,14.64,117.103229,145.046465
367,14.68,117.370683,144.829014
368,14.72,117.515462,144.804205
369,14.76,117.62617,144.894372
370,14.8,117.673873,145.002392
371,14.84,117.835663,145.110027
372,14.88,117.996763,145.103835
373,14.92,118.284556,145.05106
374,14.96,118.611616,145.003581
375,15,119.138519,144.946332
376,15.04,119.722501,144.786572
377,15.08,120.490356,144.662076
378,15.12,121.320459,144.461981
379,15.16,122.333913,144.111753
380,15.2,123.492543,143.783738
381,15.24,124.693592,143.69967
382,15.28,126.004844,143.635147
383,15.32,127.343674,143.565895
384,15.36,128.635045,143.498766
385,15.4,129.955348,143.479425
386,15.44,131.348937,143.434166
387,15.48,132.784368,143.4618
388,15.52,134.115127,143.507308
389,15.56,135.326951,143.536073
390,15.6,136.340946,143.59358
391,15.64,137.157108,143.657389
392,15.68,137.79803,143.714932
393,15.72,138.251421,143.790284
394,15.76,138.599145,143.867432
395,15.8,138.793348,143.950623
396,15.84,138.929184,143.990388
397,15.88,138.907768,143.950602
398,15.92,138.797693,143.946043
399,15.96,138.608402,143.878706
400,16,138.367134,143.772636
401,16.04,138.042966,143.647452
402,16.08,137.805787,143.525013
403,16.12,137.695361,143.412839
404,16.16,137.696413,143.394815
405,16.2,137.821475,143.370331
406,16.24,138.064117,143.349066
407,16.28,138.3422,143.226169
408,16.32,138.622944,143.243236
409,16.36,138.774177,143.256496
410,16.4,139.032402,143.366262
411,16.44,139.066601,143.460313
412,16.48,139.082545,143.524429
413,16.52,138.920144,143.522274
414,16.56,138.593114,143.570803
415,16.6,138.064258,143.57087
416,16.64,137.55653,143.610803
417,16.68,136.821114,143.62735
418,16.72,135.925605,143.702963
419,16.76,135.021717,143.705632
420,16.8,133.970021,143.764436
421,16.84,132.83058,143.730158
422,16.88,131.576291,143.64158
423,16.92,130.269824,143.491461
424,16.96,128.862915,143.507553
425,17,127.483636,143.475646
426,17.04,126.064427,143.506384
427,17.08,124.745864,143.483702
428,17.12,123.576385,143.528959
429,17.16,122.44675,143.592063
430,17.2,121.492305,143.771693
431,17.24,120.565609,143.953974
432,17.28,119.945849,144.266636
433,17.32,119.279836,144.547005
434,17.36,118.670364,144.904655
435,17.4,117.969424,145.133603
436,17.44,117.249371,145.411429
437,17.48,116.430609,145.623624
438,17.52,115.705117,145.893319
439,17.56,114.935051,146.016229
440,17.6,114.405892,146.193255
441,17.64,113.823393,146.305429
442,17.68,113.379888,146.483623
443,17.72,112.859851,146.583405
444,17.76,112.466263,146.693611
445,17.8,111.940615,146.689684
446,17.84,111.540888,146.682502
447,17.88,111.125434,146.562199
448,17.92,110.945119,146.381522
449,17.96,110.85688,146.193009
450,18,110.915344,146.20918
451,18.04,111.076025,146.119858
452,18.08,111.42593,146.08389
453,18.12,111.631796,146.09235
454,18.16,111.8861,146.199774
455,18.2,111.919997,146.29196
456,18.24,112.049343,146.489266
457,18.28,112.063104,146.555629
458,18.32,112.217331,146.69975
459,18.36,112.303388,146.730145
460,18.4,112.44708,146.764571
461,18.44,112.682485,146.774227
462,18.48,113.001812,146.818317
463,18.52,113.373596,146.705005
464,18.56,113.883721,146.697658
465,18.6,114.389109,146.585711
466,18.64,115.073951,146.552116
467,18.68,115.738285,146.292896
468,18.72,116.773766,146.144806
469,18.76,117.856744,145.901145
470,18.8,119.208546,145.716862
471,18.84,120.701376,145.502175
472,18.88,122.521872,145.409552
473,18.92,124.393182,145.337168
474,18.96,126.36848,145.416714
475,19,128.285595,145.448564
476,19.04,129.872287,145.645257
477,19.08,131.272008,145.787727
478,19.12,132.444414,146.00842
479,19.16,133.438698,146.094235
480,19.2,134.296095,146.258799
481,19.24,134.936682,146.346379
482,19.28,135.476588,146.457966
483,19.32,135.91825,146.518157
484,19.36,136.309914,146.616998
485,19.4,136.535355,146.627823
486,19.44,136.691588,146.652332
487,19.48,136.743228,146.548823
488,19.52,136.749369,146.425829
489,19.56,136.755582,146.180063
490,19.6,136.709962,145.95785
491,19.64,136.676512,145.699244
492,19.68,136.704394,145.592824
493,19.72,136.737667,145.467452
494,19.76,136.911616,145.424474
495,19.8,137.220103,145.386897
496,19.84,137.652334,145.361798
497,19.88,137.969824,145.388368
498,19.92,138.237995,145.525569
499,19.96,138.2937,145.602173
500,20,138.326235,145.790394
501,20.04,138.207685,145.854663
502,20.08,137.995905,146.039414
503,20.12,137.661036,146.221472
504,20.16,137.302523,146.343592
505,20.2,136.809801,146.325487
506,20.24,136.334097,146.366231
507,20.28,135.769139,146.421514
508,20.32,135.219181,146.460993
509,20.36,134.444473,146.46319
510,20.4,133.664427,146.482751
511,20.44,132.849778,146.324444
512,20.48,131.825921,146.213807
513,20.52,130.756299,146.170123
514,20.56,129.793225,146.249691
515,20.6,128.914715,146.329004
516,20.64,128.146162,146.606138
517,20.68,127.431165,146.909165
518,20.72,126.672731,147.4024
519,20.76,125.878729,147.796454
520,20.8,125.174031,148.201978
521,20.84,124.305066,148.44691
522,20.88,123.585068,148.828025
523,20.92,122.831209,148.915868
524,20.96,122.152764,149.256233
525,21,121.559277,149.31668
526,21.04,120.952985,149.609232
527,21.08,120.374828,149.708151
528,21.12,120.073227,149.787527
529,21.16,119.654208,149.784343
530,21.2,119.385608,149.787214
531,21.24,119.068535,149.791454
532,21.28,118.858269,149.623096
533,21.32,118.605575,149.343556
534,21.36,118.5792,149.01528
535,21.4,118.447115,148.473686
536,21.44,118.513352,148.02827
537,21.48,118.487232,147.620754
538,21.52,118.604387,147.362965
539,21.56,118.737099,147.232558
540,21.6,118.897962,147.258121
541,21.64,118.940305,147.318542
542,21.68,119.097337,147.524848
543,21.72,119.118292,147.730381
544,21.76,119.239076,147.963293
545,21.8,119.290506,148.088035
546,21.84,119.456903,148.153243
547,21.88,119.479926,148.120291
548,21.92,119.769307,148.077528
549,21.96,119.921783,148.004414
550,22,120.253822,147.909283
551,22.04,120.542537,147.776889
552,22.08,120.964864,147.667877
553,22.12,121.40097,147.533423
554,22.16,122.045541,147.27987
555,22.2,122.701373,146.909488
556,22.24,123.499348,146.419483
557,22.28,124.414614,145.952398
558,22.32,125.507996,145.769571
559,22.36,126.649783,145.489912
560,22.4,128.013914,145.255024
561,22.44,129.417388,144.916652
562,22.48,130.883882,144.760843
563,22.52,132.228965,144.568057
564,22.56,133.610279,144.560329
565,22.6,134.796569,144.522668
566,22.64,135.781841,144.598903
567,22.68,136.694834,144.622514
568,22.72,137.692291,144.732352
569,22.76,138.436814,144.843762
570,22.8,139.273359,145.086392
571,22.84,139.983215,145.183179
572,22.88,140.655149,145.321484
573,22.92,141.169911,145.401133
574,22.96,141.598561,145.421053
575,23,141.886825,145.313136
576,23.04,142.053862,145.274789
577,23.08,142.088167,145.118321
578,23.12,142.15401,144.953092
579,23.16,142.132046,144.75689
580,23.2,142.146912,144.64658
581,23.24,142.195045,144.496123
582,23.28,142.31743,144.414541
583,23.32,142.571973,144.262618
584,23.36,142.963504,144.282881
585,23.4,143.380471,144.248425
586,23.44,143.672586,144.396798
587,23.48,143.773005,144.534858
588,23.52,143.786792,144.687434
589,23.56,143.646643,144.775204
590,23.6,143.439346,144.86635
591,23.64,143.132607,144.879333
592,23.68,142.657962,144.930878
593,23.72,142.133044,144.917628
594,23.76,141.514331,145.009343
595,23.8,140.788516,145.002434
596,23.84,139.890261,145.021057
597,23.88,138.842458,145.037497
598,23.92,137.634186,145.024828
599,23.96,136.48168,144.809711
600,24,135.301665,144.596389
601,24.04,134.273298,144.415868
602,24.08,133.322224,144.454184
603,24.12,132.539398,144.483156
604,24.16,131.836064,144.655234
605,24.2,131.08987,144.876182
606,24.24,130.294869,145.211015
607,24.28,129.440438,145.521035
608,24.32,128.599387,145.869462
609,24.36,127.65334,146.112503
610,24.4,126.827675,146.437485
611,24.44,126.003108,146.656803
612,24.48,125.374139,146.963678
613,24.52,124.731254,147.179918
614,24.56,124.29462,147.375993
615,24.6,123.732315,147.456294
616,24.64,123.198158,147.536947
617,24.68,122.660954,147.466261
618,24.72,122.13907,147.462406
619,24.76,121.692188,147.340951
620,24.8,121.364598,147.113866
621,24.84,121.17225,146.654287
622,24.88,121.221352,146.260694
623,24.92,121.215761,145.835529
624,24.96,121.458029,145.479084
625,25,121.518381,145.136325
626,25.04,121.693671,144.874717
627,25.08,121.644044,144.768229
628,25.12,121.560003,144.769603
629,25.16,121.35542,144.775017
630,25.2,121.199996,145.025758
631,25.24,121.157263,145.043533
632,25.28,121.20189,145.143804
633,25.32,121.238162,145.140899
634,25.36,121.408193,145.184393
635,25.4,121.584404,145.071946
636,25.44,121.826169,145.06458
637,25.48,122.064575,144.925137
638,25.52,122.317392,144.852533
639,25.56,122.745233,144.668372
640,25.6,123.275515,144.47336
641,25.64,123.842631,144.052847
642,25.68,124.778701,143.724722
643,25.72,125.695048,143.350428
644,25.76,126.803189,143.144236
645,25.8,127.992171,142.959504
646,25.84,129.371313,142.87168
647,25.88,130.797182,142.640329
648,25.92,132.364143,142.599489
649,25.96,133.843189,142.515336
650,26,135.352519,142.529359
651,26.04,136.611884,142.47937
652,26.08,137.843556,142.499559
653,26.12,138.952597,142.531069
654,26.16,139.864751,142.598063
655,26.2,140.597013,142.655934
656,26.24,141.148526,142.751082
657,26.28,141.591034,142.816621
658,26.32,141.971805,142.856824
659,26.36,142.228836,142.788092
660,26.4,142.351029,142.78805
661,26.44,142.405462,142.636909
662,26.48,142.40337,142.533265
663,26.52,142.387853,142.317301
664,26.56,142.281243,142.136842
665,26.6,142.189662,141.977754
666,26.64,142.131097,141.852252
667,26.68,142.204951,141.718092
668,26.72,142.254922,141.652158
669,26.76,142.326926,141.580433
670,26.8,142.33025,141.654869
671,26.84,142.281102,141.66805
672,26.88,142.290971,141.732819
673,26.92,142.144194,141.753749
674,26.96,141.92486,141.753725
675,27,141.593305,141.843483
676,27.04,141.155203,141.941687
677,27.08,140.650529,141.914812
678,27.12,140.102264,142.029256
679,27.16,139.494914,142.055868
680,27.2,138.573666,142.079624
681,27.24,137.549484,142.132949
682,27.28,136.345303,142.19312
683,27.32,135.03517,142.184782
684,27.36,133.734302,142.200859
685,27.4,132.376638,142.056344
686,27.44,130.942145,141.979306
687,27.48,129.669819,141.840546
688,27.52,128.486037,141.8084
689,27.56,127.426742,141.779654
690,27.6,126.550749,141.866032
691,27.64,125.739878,142.013937
692,27.68,125.063543,142.210457
693,27.72,124.319924,142.338997
694,27.76,123.665882,142.545176
695,27.8,123.13883,142.650638
696,27.84,122.633615,142.898195
697,27.88,122.181743,143.109839
698,27.92,121.931474,143.44068
699,27.96,121.610432,143.629063
700,28,121.419285,143.90933
701,28.04,121.062679,144.037963
702,28.08,121.016626,144.326717
703,28.12,120.859345,144.465054
704,28.16,120.850335,144.585609
705,28.2,120.764157,144.607099
706,28.24,120.754057,144.631647
707,28.28,120.723962,144.472198
708,28.32,120.798446,144.224018
709,28.36,120.795803,143.827824
710,28.4,120.945026,143.619429
711,28.44,121.002016,143.440519
712,28.48,121.224435,143.353452
713,28.52,121.194843,143.227513
714,28.56,121.351488,143.232228
715,28.6,121.356581,143.190393
716,28.64,121.630213,143.373812
717,28.68,121.756278,143.517162
718,28.72,122.010035,143.740033
719,28.76,122.218297,143.937431
720,28.8,122.422161,144.025168
721,28.84,122.462555,144.004243
722,28.88,122.831945,144.037552
723,28.92,123.067824,144.033073
724,28.96,123.540247,143.986971
725,29,123.921588,143.945456
726,29.04,124.500872,143.894537
727,29.08,125.121465,143.767464
728,29.12,125.827567,143.579601
729,29.16,126.674666,143.185904
730,29.2,127.724569,142.842629
731,29.24,128.767313,142.382557
732,29.28,130.007544,142.18014
733,29.32,131.282126,141.930337
734,29.36,132.602309,141.884219
735,29.4,133.932252,141.781089
736,29.44,135.338366,141.788981
737,29.48,136.614298,141.778374
738,29.52,138.003762,141.803272
739,29.56,139.373952,141.709484
740,29.6,140.666522,141.725863
741,29.64,141.866607,141.710592
742,29.68,142.91079,141.76062
743,29.72,143.843893,141.73104
744,29.76,144.457249,141.763452
745,29.8,145.013337,141.739684
746,29.84,145.398458,141.7193
747,29.88,145.705823,141.687675
748,29.92,145.831547,141.654737
749,29.96,145.964243,141.639953
750,30,145.916287,141.627099
751,30.04,145.818779,141.525576
752,30.08,145.683117,141.420685
753,30.12,145.509629,141.361481
754,30.16,145.265923,141.297848
755,30.2,145.038813,141.261201
756,30.24,144.964977,141.263149
757,30.28,144.844453,141.197543
758,30.32,144.823819,141.206595
759,30.36,144.775908,141.256763
760,30.4,144.730447,141.345456
761,30.44,144.700354,141.371045
762,30.48,144.533535,141.496761
763,30.52,144.328609,141.544874
764,30.56,144.031529,141.601321
765,30.6,143.497326,141.670924
766,30.64,142.925527,141.755773
767,30.68,142.237251,141.741354
768,30.72,141.28198,141.776836
769,30.76,140.215344,141.76991
770,30.8,139.007611,141.739612
771,30.84,137.61828,141.747512
772,30.88,136.074534,141.633683
773,30.92,134.321176,141.543869
774,30.96,132.454145,141.599549
775,31,130.582882,141.58944
776,31.04,128.857846,141.781511
777,31.08,127.05625,141.946589
778,31.12,125.404868,142.459871
779,31.16,123.951364,142.819282
780,31.2,122.998767,143.253063
781,31.24,122.257656,143.507891
782,31.28,121.902557,143.900106
783,31.32,121.886017,144.114287
784,31.36,122.156463,144.398213
785,31.4,122.562276,144.619629
786,31.44,123.239358,145.058222
787,31.48,123.667385,145.399301
788,31.52,124.118718,145.739452
789,31.56,124.239128,145.916569
790,31.6,124.276314,146.078403
791,31.64,124.102753,146.05362
792,31.68,124.03722,146.012784
793,31.72,123.874447,145.813943
794,31.76,123.723637,145.594118
795,31.8,123.627498,145.285224
796,31.84,123.576544,144.914234
797,31.88,123.367439,144.530188
798,31.92,123.289366,144.250193
799,31.96,123.205696,143.926349
800,32,123.188885,143.713849
801,32.04,123.189101,143.596769
802,32.08,123.351461,143.584602
803,32.12,123.486677,143.530681
804,32.16,123.63609,143.527096
805,32.2,123.710983,143.465503
806,32.24,124.056034,143.463612
807,32.28,124.193071,143.440578
808,32.32,124.504278,143.447241
809,32.36,124.697346,143.434811
810,32.4,125.148663,143.442365
811,32.44,125.641934,143.389133
812,32.48,126.218395,143.38648
813,32.52,126.805214,143.259412
814,32.56,127.490036,143.178122
815,32.6,128.400651,142.808842
816,32.64,129.40773,142.420839
817,32.68,130.370271,142.039508
818,32.72,131.475991,141.855869
819,32.76,132.679143,141.679912
820,32.8,133.96261,141.586646
821,32.84,135.175469,141.474929
822,32.88,136.404777,141.449982
823,32.92,137.724776,141.337314
824,32.96,139.062594,141.341168
825,33,140.311602,141.304965
826,33.04,141.436356,141.339213
827,33.08,142.473482,141.311768
828,33.12,143.319056,141.333195
829,33.16,144.05461,141.328915
830,33.2,144.756774,141.315658
831,33.24,145.313652,141.338304
832,33.28,145.859751,141.36496
833,33.32,146.115622,141.346217
834,33.36,146.341704,141.418199
835,33.4,146.364588,141.376997
836,33.44,146.331798,141.394652
837,33.48,146.156613,141.309864
838,33.52,145.858452,141.290922
839,33.56,145.443351,141.133861
840,33.6,145.028598,141.093887
841,33.64,144.505259,141.033594
842,33.68,143.992021,141.059007
843,33.72,143.44325,141.051635
844,33.76,142.966034,141.125662
845,33.8,142.557958,141.13419
846,33.84,142.25532,141.253156
847,33.88,142.071826,141.315117
848,33.92,141.857031,141.347252
849,33.96,141.524187,141.394963
850,34,141.139157,141.559774
851,34.04,140.61471,141.629602
852,34.08,140.016089,141.71862
853,34.12,139.305252,141.739288
854,34.16,138.370623,141.758177
855,34.2,137.22634,141.775155
856,34.24,135.761373,141.828569
857,34.28,134.038799,141.740363
858,34.32,132.328179,141.634456
859,34.36,130.746629,141.462165
860,34.4,129.355828,141.401916
861,34.44,128.145075,141.370067
862,34.48,127.188544,141.463374
863,34.52,126.366143,141.489247
864,34.56,125.613948,141.710672
865,34.6,124.872203,141.963012
866,34.64,124.191343,142.276704
867,34.68,123.410052,142.598825
868,34.72,122.676445,142.922854
869,34.76,122.007525,143.248102
870,34.8,121.287869,143.526834
871,34.84,120.623239,143.700463
872,34.88,120.128389,143.910398
873,34.92,119.522539,144.067303
874,34.96,119.096759,144.272469
875,35,118.745336,144.379999
876,35.04,118.449138,144.559837
877,35.08,118.085276,144.640093
878,35.12,117.922163,144.781207
879,35.16,117.773261,144.740763
880,35.2,117.760679,144.594692
881,35.24,117.804509,144.280659
882,35.28,118.092427,144.154764
883,35.32,118.240764,143.954838
884,35.36,118.531695,143.832146
885,35.4,118.780248,143.687693
886,35.44,119.046772,143.591646
887,35.48,119.274935,143.538446
888,35.52,119.545502,143.576878
889,35.56,119.703052,143.550403
890,35.6,120.03338,143.594146
891,35.64,120.304608,143.620281
892,35.68,120.666343,143.656601
893,35.72,120.917948,143.640893
894,35.76,121.392949,143.730334
895,35.8,121.868931,143.70885
896,35.84,122.44217,143.745349
897,35.88,123.022979,143.6808
898,35.92,123.600193,143.669548
899,35.96,124.190814,143.548474
900,36,124.876493,143.328288
901,36.04,125.643967,142.813433
902,36.08,126.668965,142.482821
903,36.12,127.703496,142.222519
904,36.16,128.914766,142.058091
905,36.2,130.240619,141.888732
906,36.24,131.48938,141.837099
907,36.28,132.792007,141.739772
908,36.32,134.089453,141.721482
909,36.36,135.4078,141.675454
910,36.4,136.522234,141.780484
911,36.44,137.521318,141.816921
912,36.48,138.365637,141.877342
913,36.52,139.125599,141.903628
914,36.56,139.717144,141.997246
915,36.6,140.266453,142.01604
916,36.64,140.707664,142.098677
917,36.68,140.972868,142.12868
918,36.72,141.193199,142.202899
919,36.76,141.233671,142.156746
920,36.8,141.24521,142.169247
921,36.84,141.17555,142.100435
922,36.88,141.028365,142.063928
923,36.92,140.780249,141.887527
924,36.96,140.595306,141.782788
925,37,140.362675,141.513552
926,37.04,140.155161,141.446275
927,37.08,140.104989,141.335693
928,37.12,140.049006,141.295088
929,37.16,140.0251,141.253073
930,37.2,139.970129,141.285014
931,37.24,139.956602,141.289154
932,37.28,139.986051,141.326418
933,37.32,139.971583,141.378753
934,37.36,139.880747,141.56741
935,37.4,139.798801,141.645788
936,37.44,139.771412,141.71656
937,37.48,139.619165,141.723309
938,37.52,139.349819,141.73534
939,37.56,139.00381,141.737734
940,37.6,138.513418,141.824334
941,37.64,138.03044,141.854231
942,37.68,137.485593,141.937699
943,37.72,136.76515,141.885833
944,37.76,136.011604,141.901999
945,37.8,135.199992,141.74514
946,37.84,134.321892,141.656978
947,37.88,133.329124,141.551871
948,37.92,132.517585,141.586171
949,37.96,131.733251,141.60508
950,38,130.878405,141.640079
951,38.04,130.092477,141.681057
952,38.08,129.31698,141.787177
953,38.12,128.551292,141.932824
954,38.16,127.734046,142.278415
955,38.2,126.85726,142.512929
956,38.24,126.156176,142.889863
957,38.28,125.339767,143.119346
958,38.32,124.542127,143.43249
959,38.36,123.898527,143.671356
960,38.4,123.303293,143.877108
961,38.44,122.723825,143.970191
962,38.48,122.35834,144.055296
963,38.52,121.931031,144.119344
964,38.56,121.706933,144.181846
965,38.6,121.567014,144.132329
966,38.64,121.757147,144.155826
967,38.68,121.920024,144.032968
968,38.72,122.208743,143.86818
969,38.76,122.508425,143.618855
970,38.8,122.805323,143.398412
971,38.84,122.985516,143.205932
972,38.88,123.206863,143.15462
973,38.92,123.313635,143.035619
974,38.96,123.606398,142.98238
975,39,123.793797,142.890245
976,39.04,123.943902,142.87491
977,39.08,124.174817,142.839567
978,39.12,124.310207,142.885263
979,39.16,124.380067,142.845451
980,39.2,124.753456,142.832008
981,39.24,124.877583,142.863813
982,39.28,125.132482,142.959364
983,39.32,125.266931,142.948598
984,39.36,125.737677,142.975382
985,39.4,126.195544,142.883387
986,39.44,126.692672,142.816635
987,39.48,127.256065,142.618257
988,39.52,127.909824,142.398543
989,39.56,128.658507,142.002167
990,39.6,129.540466,141.751656
991,39.64,130.489408,141.48826
992,39.68,131.552201,141.382608
993,39.72,132.671802,141.195942
994,39.76,133.822382,141.131774
995,39.8,134.93081,141.092907
996,39.84,136.129806,141.098891
997,39.88,137.271818,141.038631
998,39.92,138.16081,141.056647
999,39.96,139.123975,141.029309
1000,40,140.026923,141.04728
1001,40.04,141.014512,141.049181
1002,40.08,141.7674,141.084153
1003,40.12,142.494452,141.036987
1004,40.16,143.092957,141.122021
1005,40.2,143.71449,141.133549
1006,40.24,144.174454,141.224349
1007,40.28,144.530127,141.195068
1008,40.32,144.631005,141.215223
1009,40.36,144.614761,141.158786
1010,40.4,144.628972,141.131774
1011,40.44,144.623119,141.031751
1012,40.48,144.513168,140.930809
1013,40.52,144.341811,140.810991
1014,40.56,144.297991,140.753479
1015,40.6,144.309251,140.660744
1016,40.64,144.311914,140.667094
1017,40.68,144.349405,140.6083
1018,40.72,144.499427,140.635306
1019,40.76,144.604325,140.646248
1020,40.8,144.665547,140.68958
1021,40.84,144.717598,140.698741
1022,40.88,144.753163,140.728041
1023,40.92,144.789322,140.807219
1024,40.96,144.713052,140.925912
1025,41,144.417827,140.931811
1026,41.04,144.073642,141.023218
1027,41.08,143.494876,141.01549
1028,41.12,142.758806,141.055573
1029,41.16,141.974517,141.066267
1030,41.2,140.999144,141.096501
1031,41.24,140.006889,140.972777
1032,41.28,138.910553,140.903401
1033,41.32,137.75828,140.853406
1034,41.36,136.731583,140.851131
1035,41.4,135.785927,140.843339
1036,41.44,134.800771,140.910488
1037,41.48,133.845688,140.920963
1038,41.52,133.113563,141.092048
1039,41.56,132.338622,141.163152
1040,41.6,131.597466,141.416197
1041,41.64,130.88752,141.583502
1042,41.68,130.2392,141.879557
1043,41.72,129.558107,142.070931
1044,41.76,128.934449,142.337287
1045,41.8,128.251362,142.516631
1046,41.84,127.692658,142.820683
1047,41.88,127.048166,143.0027
1048,41.92,126.482805,143.226782
1049,41.96,125.876521,143.512081
1050,42,125.248607,143.651519
1051,42.04,124.609236,143.731638
1052,42.08,124.044264,143.844825
1053,42.12,123.545894,143.881285
1054,42.16,123.240476,143.810652
1055,42.2,122.928445,143.577751
1056,42.24,122.830696,143.442321
1057,42.28,122.717597,143.245232
1058,42.32,122.680288,143.161242
1059,42.36,122.588659,143.060921
1060,42.4,122.605337,143.042055
1061,42.44,122.603651,143.015683
1062,42.48,122.591256,143.08268
1063,42.52,122.649297,143.113612
1064,42.56,122.677609,143.237688
1065,42.6,122.778309,143.304846
1066,42.64,122.902878,143.429701
1067,42.68,122.985087,143.481286
1068,42.72,123.085583,143.505698
1069,42.76,123.1274,143.461602
1070,42.8,123.473562,143.477711
1071,42.84,123.642744,143.415082
1072,42.88,124.006884,143.376381
1073,42.92,124.240666,143.260176
1074,42.96,124.775898,143.116767
1075,43,125.349094,142.85519
1076,43.04,126.03821,142.600055
1077,43.08,126.778973,142.37936
1078,43.12,127.595366,142.183209
1079,43.16,128.431421,141.908791
1080,43.2,129.3262,141.681065
1081,43.24,130.200042,141.486262
1082,43.28,131.15783,141.399097
1083,43.32,132.031833,141.325406
1084,43.36,132.970286,141.331745
1085,43.4,134.082292,141.302303
1086,43.44,134.928154,141.340162
1087,43.48,135.823498,141.312005
1088,43.52,136.833259,141.320282
1089,43.56,137.610404,141.327698
1090,43.6,138.408029,141.369712
1091,43.64,139.05112,141.319733
1092,43.68,139.571091,141.383682
1093,43.72,140.025691,141.320812
1094,43.76,140.298693,141.323604
1095,43.8,140.469381,141.303706
1096,43.84,140.48726,141.308001
1097,43.88,140.398047,141.21105
1098,43.92,140.277734,141.174204
1099,43.96,140.054666,141.032755
1100,44,139.858873,140.989387
1101,44.04,139.752692,140.947622
1102,44.08,139.71373,140.955996
1103,44.12,139.712962,140.916244
1104,44.16,139.759416,140.951619
1105,44.2,139.850643,140.942954
1106,44.24,139.880404,140.956168
1107,44.28,139.959278,140.996986
1108,44.32,139.940849,141.037059
1109,44.36,139.79522,141.11042
1110,44.4,139.641714,141.233514
1111,44.44,139.271584,141.262098
1112,44.48,138.754192,141.324598
1113,44.52,138.130029,141.393037
1114,44.56,137.289639,141.473017
1115,44.6,136.388661,141.430424
1116,44.64,135.337991,141.423202
1117,44.68,134.223204,141.286025
1118,44.72,133.258039,141.17736
1119,44.76,132.197349,141.142146
1120,44.8,131.293175,141.145218
1121,44.84,130.54188,141.10446
1122,44.88,129.951639,141.131557
1123,44.92,129.436585,141.089827
1124,44.96,129.097068,141.23985
1125,45,128.669829,141.372158
1126,45.04,128.164615,141.722141
1127,45.08,127.602001,141.939981
1128,45.12,127.125425,142.273074
1129,45.16,126.572045,142.419707
1130,45.2,126.094085,142.792228
1131,45.24,125.531225,142.915686
1132,45.28,124.997221,143.096339
1133,45.32,124.489106,143.311119
1134,45.36,124.063692,143.52527
1135,45.4,123.496304,143.608945
1136,45.44,123.163843,143.843302
1137,45.48,122.612473,143.900582
1138,45.52,122.167418,143.981233
1139,45.56,121.795735,143.906696
1140,45.6,121.650143,143.825531
1141,45.64,121.544494,143.57438
1142,45.68,121.587425,143.451835
1143,45.72,121.564371,143.305585
1144,45.76,121.709076,143.234391
1145,45.8,121.65543,143.0558
1146,45.84,121.838221,143.048568
1147,45.88,121.884782,143.070875
1148,45.92,122.007768,143.108636
1149,45.96,122.070044,143.186021
1150,46,122.213447,143.294816
1151,46.04,122.320665,143.339347
1152,46.08,122.479318,143.403041
1153,46.12,122.507429,143.404123
1154,46.16,122.893174,143.402773
1155,46.2,122.99933,143.388209
1156,46.24,123.280569,143.364587
1157,46.28,123.517386,143.327879
1158,46.32,123.975604,143.338517
1159,46.36,124.33352,143.177731
1160,46.4,124.832222,142.946959
1161,46.44,125.360214,142.743658
1162,46.48,126.090783,142.555793
1163,46.52,126.840579,142.229152
1164,46.56,127.959385,142.057838
1165,46.6,129.102206,141.846386
1166,46.64,130.324254,141.800339
1167,46.68,131.565779,141.728272
1168,46.72,132.776186,141.745354
1169,46.76,133.713545,141.74781
1170,46.8,134.608371,141.844763
1171,46.84,135.433842,141.848839
1172,46.88,136.169505,141.996225
1173,46.92,136.791941,142.067036
1174,46.96,137.299426,142.26628
1175,47,137.645627,142.361272
1176,47.04,137.901813,142.510831
1177,47.08,137.965483,142.532046
1178,47.12,138.053674,142.634166
1179,47.16,137.882314,142.647614
1180,47.2,137.641986,142.698534
1181,47.24,137.199793,142.631297
1182,47.28,136.658031,142.563857
1183,47.32,136.241954,142.335522
1184,47.36,135.932275,142.188903
1185,47.4,135.855346,142.037927
1186,47.44,135.926134,141.953171
1187,47.48,136.137911,141.876229
1188,47.52,136.310089,141.903797
1189,47.56,136.463407,141.887364
1190,47.6,136.537207,142.050834
1191,47.64,136.576091,142.218319
1192,47.68,136.493478,142.434034
1193,47.72,136.382498,142.598216
1194,47.76,136.245951,142.837038
1195,47.8,136.044737,142.900661
1196,47.84,135.77276,143.139484
1197,47.88,135.408258,143.283333
1198,47.92,134.926821,143.485086
1199,47.96,134.328257,143.597024
1200,48,133.710013,143.741514
1201,48.04,132.969171,143.723143
1202,48.08,132.085039,143.819507
1203,48.12,130.97826,143.755163
1204,48.16,129.792382,143.693314
1205,48.2,128.703671,143.603278
1206,48.24,127.668487,143.649458
1207,48.28,126.728032,143.628045
1208,48.32,125.819698,143.728417
1209,48.36,125.089245,143.83789
1210,48.4,124.357738,144.223977
1211,48.44,123.624375,144.520567
1212,48.48,123.043338,145.062636
1213,48.52,122.445854,145.693726
1214,48.56,121.991791,146.191272
1215,48.6,121.481616,146.590604
1216,48.64,121.132531,146.963331
1217,48.68,120.707154,147.279384
1218,48.72,120.406598,147.592798
1219,48.76,120.142767,147.762247
1220,48.8,120.011953,147.953175
1221,48.84,119.816971,148.041533
1222,48.88,119.770655,148.151664
1223,48.92,119.615847,148.115308
1224,48.96,119.63099,148.078364
1225,49,119.466903,147.90054
1226,49.04,119.522022,147.681804
1227,49.08,119.413711,147.374745
1228,49.12,119.414304,147.02374
1229,49.16,119.388035,146.676589
1230,49.2,119.35656,146.433169
1231,49.24,119.351421,146.162564
1232,49.28,119.466595,146.021271
1233,49.32,119.459297,145.981644
1234,49.36,119.603984,146.056801
1235,49.4,119.605288,146.134737
1236,49.44,119.79127,146.310474
1237,49.48,119.828467,146.393405
1238,49.52,120.044934,146.481408
1239,49.56,120.095035,146.578728
1240,49.6,120.245228,146.686217
1241,49.64,120.374599,146.700455
1242,49.68,120.607124,146.779635
1243,49.72,120.743417,146.708796
1244,49.76,120.987652,146.670966
1245,49.8,121.259476,146.573106
1246,49.84,121.653406,146.390695
1247,49.88,122.226719,146.098294
1248,49.92,122.938701,145.748935
1249,49.96,123.706939,145.320828
1250,50,124.698374,145.02675
1251,50.04,125.644752,144.645775
1252,50.08,126.799644,144.423969
1253,50.12,127.91074,144.13755
1254,50.16,129.333908,144.098924
1255,50.2,130.813787,144.046045
1256,50.24,132.223643,144.036278
1257,50.28,133.669419,144.048922
1258,50.32,135.062669,144.130347
1259,50.36,136.364588,144.147937
1260,50.4,137.434596,144.248573
1261,50.44,138.378112,144.297602
1262,50.48,139.135347,144.486708
1263,50.52,139.738232,144.552929
1264,50.56,140.197247,144.642452
1265,50.6,140.515705,144.734454
1266,50.64,140.692619,144.825454
1267,50.68,140.712909,144.797713
1268,50.72,140.640987,144.769973
1269,50.76,140.479777,144.682616
1270,50.8,140.252179,144.537567
1271,50.84,140.030069,144.395006
1272,50.88,139.869691,144.359126
1273,50.92,139.815994,144.269622
1274,50.96,139.859116,144.256392
1275,51,139.924565,144.246015
1276,51.04,140.084372,144.291803
1277,51.08,140.23833,144.357268
1278,51.12,140.425589,144.527807
1279,51.16,140.521633,144.592128
1280,51.2,140.667365,144.726288
1281,51.24,140.635684,144.776218
1282,51.28,140.481121,144.891635
1283,51.32,140.271488,144.863071
1284,51.36,139.930969,144.925902
1285,51.4,139.504723,144.921176
1286,51.44,139.073424,144.95152
1287,51.48,138.506108,145.004156
1288,51.52,137.873245,144.976393
1289,51.56,137.255314,144.786043
1290,51.6,136.544563,144.708615
1291,51.64,135.839762,144.573281
1292,51.68,135.062671,144.530695
1293,51.72,134.402047,144.539842
1294,51.76,133.803283,144.63018
1295,51.8,133.250901,144.696525
1296,51.84,132.74026,144.872815
1297,51.88,132.318512,144.974378
1298,51.92,131.925607,145.208428
1299,51.96,131.53656,145.349022
1300,52,131.20467,145.548329
1301,52.04,130.920096,145.723198
1302,52.08,130.73885,145.946861
1303,52.12,130.544322,146.045779
1304,52.16,130.448288,146.150742
1305,52.2,130.292121,146.236451
1306,52.24,130.171844,146.323693
1307,52.28,130.045916,146.392111
1308,52.32,129.965884,146.460118
1309,52.36,129.781843,146.428216
1310,52.4,129.596699,146.346923
1311,52.44,129.29522,146.139602
1312,52.48,129.062359,145.722788
1313,52.52,128.731851,145.370338
1314,52.56,128.403489,144.96327
1315,52.6,128.028081,144.368154
1316,52.64,127.667683,143.920609
1317,52.68,127.260528,143.586687
1318,52.72,127.036278,143.461533
1319,52.76,126.933765,143.417919
1320,52.8,127.007046,143.523744
1321,52.84,127.082212,143.607707
1322,52.88,127.375923,143.77072
1323,52.92,127.499257,143.894874
1324,52.96,127.765646,143.99921
1325,53,127.833006,144.047283
1326,53.04,128.006065,144.07882
1327,53.08,128.076773,144.027708
1328,53.12,128.349595,144.0201
1329,53.16,128.626856,143.958465
1330,53.2,128.926455,143.966448
1331,53.24,129.289004,143.797013
1332,53.28,129.698164,143.630062
1333,53.32,130.074491,143.284826
1334,53.36,130.571475,143.083704
1335,53.4,131.068489,142.909626
1336,53.44,131.665466,142.753232
1337,53.48,132.295075,142.738744
1338,53.52,133.059279,142.708325
1339,53.56,133.845199,142.70476
1340,53.6,134.612186,142.773592
1341,53.64,135.377075,142.784861
1342,53.68,136.108002,142.856043
1343,53.72,136.804367,142.867151
1344,53.76,137.428563,142.91414
1345,53.8,138.02956,142.882428
1346,53.84,138.601537,142.901136
1347,53.88,139.082797,142.901604
1348,53.92,139.538175,142.931346
1349,53.96,139.805654,142.940396
1350,54,140.009821,142.989141
1351,54.04,140.114881,142.946874
1352,54.08,140.195644,142.947342
1353,54.12,140.217402,142.935737
1354,54.16,140.150918,142.921249
1355,54.2,140.088252,142.787206
1356,54.24,139.999565,142.735442
1357,54.28,139.928799,142.598184
1358,54.32,139.877174,142.555765
1359,54.36,139.894875,142.505281
1360,54.4,139.97379,142.542136
1361,54.44,140.093966,142.530835
1362,54.48,140.243076,142.592723
1363,54.52,140.365079,142.608665
1364,54.56,140.449993,142.63372
1365,54.6,140.490285,142.663999
1366,54.64,140.518443,142.768704
1367,54.68,140.477676,142.799101
1368,54.72,140.474019,142.826711
1369,54.76,140.346877,142.8173
1370,54.8,140.222079,142.814644
1371,54.84,140.011895,142.815139
1372,54.88,139.81918,142.854085
1373,54.92,139.595847,142.83629
1374,54.96,139.326117,142.875693
1375,55,139.00621,142.797189
1376,55.04,138.825118,142.735216
1377,55.08,138.491847,142.684842
1378,55.12,138.246137,142.747419
1379,55.16,137.966612,142.81868
1380,55.2,137.771045,142.956575
1381,55.24,137.630165,143.00267
1382,55.28,137.486149,143.088822
1383,55.32,137.39292,143.220026
1384,55.36,137.30391,143.337361
1385,55.4,137.228833,143.408921
1386,55.44,137.186958,143.559788
1387,55.48,137.142152,143.631949
1388,55.52,137.148484,143.719691
1389,55.56,137.11674,143.81772
1390,55.6,137.073085,143.917887
1391,55.64,136.986683,143.996603
1392,55.68,136.941575,144.022748
1393,55.72,136.835268,144.001659
1394,55.76,136.614091,143.999047
1395,55.8,136.296431,143.965935
1396,55.84,135.87413,143.851851
1397,55.88,135.321457,143.689098
1398,55.92,134.706132,143.481563
1399,55.96,134.102675,143.247113
1400,56,133.46213,143.077609
1401,56.04,132.847272,142.912929
1402,56.08,132.299819,142.864351
1403,56.12,131.769249,142.836817
1404,56.16,131.391192,142.905747
1405,56.2,131.066533,142.92842
1406,56.24,130.8125,142.907309
1407,56.28,130.626563,142.874445
1408,56.32,130.404479,142.864377
1409,56.36,130.162665,142.893233
1410,56.4,129.934813,142.930741
1411,56.44,129.783413,142.899611
1412,56.48,129.618891,142.919091
1413,56.52,129.557228,142.91489
1414,56.56,129.53093,142.940226
1415,56.6,129.54976,142.890318
1416,56.64,129.602393,142.911416
1417,56.68,129.692392,142.804734
1418,56.72,129.859561,142.723449
1419,56.76,130.126609,142.50226
1420,56.8,130.4393,142.312701
1421,56.84,130.729288,142.225842
1422,56.88,131.156842,142.135754
1423,56.92,131.596472,142.04011
1424,56.96,132.068312,142.049497
1425,57,132.636987,142.028953
1426,57.04,133.18522,142.153489
1427,57.08,133.713261,142.250905
1428,57.12,134.186724,142.450018
1429,57.16,134.604225,142.520375
1430,57.2,134.892171,142.601925
1431,57.24,135.229464,142.703358
1432,57.28,135.513363,142.805084
1433,57.32,135.807419,142.865144
1434,57.36,136.088505,142.985215
1435,57.4,136.377572,143.045019
1436,57.44,136.526715,143.174705
1437,57.48,136.627251,143.17739
1438,57.52,136.679316,143.214169
1439,57.56,136.637879,143.138024
1440,57.6,136.491572,143.101103
1441,57.64,136.325496,142.88829
1442,57.68,136.11413,142.770111
1443,57.72,135.913875,142.642052
1444,57.76,135.704061,142.553986
1445,57.8,135.573769,142.421831
1446,57.84,135.491157,142.370398
1447,57.88,135.419573,142.301565
1448,57.92,135.467398,142.282265
1449,57.96,135.482149,142.295842
1450,58,135.553299,142.438461
1451,58.04,135.753259,142.471058
1452,58.08,135.996712,142.585936
1453,58.12,136.222839,142.602831
1454,58.16,136.457139,142.735705
1455,58.2,136.568608,142.758656
1456,58.24,136.68111,142.82411
1457,58.28,136.758194,142.811699
1458,58.32,136.833413,142.848731
1459,58.36,136.823091,142.848638
1460,58.4,136.833798,142.88797
1461,58.44,136.798619,142.907757
1462,58.48,136.684166,142.904545
1463,58.52,136.53053,142.805806
1464,58.56,136.393972,142.772951
1465,58.6,136.27013,142.709472
1466,58.64,136.196385,142.726657
1467,58.68,136.177902,142.702113
1468,58.72,136.2544,142.750629
1469,58.76,136.39473,142.810358
1470,58.8,136.517977,142.955487
1471,58.84,136.604901,143.001186
1472,58.88,136.680804,143.156437
1473,58.92,136.740179,143.194012
1474,58.96,136.774477,143.33273
1475,59,136.727219,143.389285
1476,59.04,136.699669,143.442887
1477,59.08,136.624488,143.461748
1478,59.12,136.500693,143.520139
1479,59.16,136.400458,143.546264
1480,59.2,136.34806,143.524847
1481,59.24,136.13005,143.494984
1482,59.28,135.961273,143.437169
1483,59.32,135.636516,143.327392
1484,59.36,135.21827,143.169256
1485,59.4,134.636242,142.948597
1486,59.44,133.999311,142.728006
1487,59.48,133.243259,142.428231
1488,59.52,132.525611,142.332788
1489,59.56,131.809015,142.163706
1490,59.6,131.187254,142.119209
1491,59.64,130.529919,142.034273
1492,59.68,130.16505,142.058112
1493,59.72,129.968483,142.09921
1494,59.76,129.833287,142.285365
1495,59.8,129.86324,142.457169
1496,59.84,129.940079,142.682525
1497,59.88,129.993781,142.709172
1498,59.92,130.161758,142.783626
1499,59.96,130.357358,142.775015
1500,60,130.710767,142.795708
1501,60.04,131.111679,142.680332
1502,60.08,131.452163,142.705906
1503,60.12,132.041754,142.57319
1504,60.16,132.732898,142.372733
1505,60.2,133.524991,141.950017
1506,60.24,134.611209,141.791523
1507,60.28,136.009826,141.637539
1508,60.32,137.682137,141.689691
1509,60.36,139.604407,141.825826
1510,60.4,141.761432,142.16124
1511,60.44,144.081338,142.471954
1512,60.48,145.870683,142.948788
1513,60.52,147.25248,143.209827
1514,60.56,148.321584,143.441119
1515,60.6,149.039664,143.45625
1516,60.64,149.641872,143.519538
1517,60.68,150.115856,143.523356
1518,60.72,150.396077,143.615601
1519,60.76,150.595739,143.563267
1520,60.8,150.77187,143.553394
1521,60.84,150.798268,143.53494
1522,60.88,150.794313,143.510156
1523,60.92,150.618614,143.466756
1524,60.96,150.515444,143.434371
1525,61,150.25256,143.37099
1526,61.04,150.045735,143.320012
1527,61.08,149.620433,143.225815
1528,61.12,149.249366,143.14449
1529,61.16,148.620831,142.925187
1530,61.2,147.840213,142.649111
1531,61.24,146.83423,142.322948
1532,61.28,145.79326,142.048003
1533,61.32,144.658447,141.718532
1534,61.36,143.740813,141.585176
1535,61.4,142.987709,141.40666
1536,61.44,142.594894,141.436146
1537,61.48,142.580531,141.403551
1538,61.52,142.692969,141.527916
1539,61.56,142.922957,141.71645
1540,61.6,143.106085,142.042053
1541,61.64,143.086469,142.22932
1542,61.68,142.839761,142.488594
1543,61.72,142.353291,142.579833
1544,61.76,141.705531,142.689224
1545,61.8,140.844702,142.69625
1546,61.84,139.737981,142.78463
1547,61.88,138.496532,142.713706
1548,61.92,137.229311,142.585485
1549,61.96,135.880102,142.318238
1550,62,134.536746,142.167624
1551,62.04,133.192402,141.986536
1552,62.08,131.927761,141.89946
1553,62.12,130.88611,141.760014
1554,62.16,130.006029,141.771513
1555,62.2,129.243282,141.79174
1556,62.24,128.66054,141.96861
1557,62.28,128.094399,142.201635
1558,62.32,127.548477,142.522657
1559,62.36,126.815941,142.842321
1560,62.4,126.136747,143.224244
1561,62.44,125.306299,143.440251
1562,62.48,124.565998,143.794539
1563,62.52,123.704349,143.992381
1564,62.56,122.972278,144.288944
1565,62.6,122.301856,144.486386
1566,62.64,121.670155,144.738665
1567,62.68,120.947268,144.873639
1568,62.72,120.46393,145.078199
1569,62.76,119.825832,145.17567
1570,62.8,119.332324,145.306191
1571,62.84,118.880994,145.333971
1572,62.88,118.780265,145.332324
1573,62.92,118.721401,145.087299
1574,62.96,118.820001,144.893559
1575,63,118.913419,144.623762
1576,63.04,119.21588,144.502523
1577,63.08,119.363844,144.328391
1578,63.12,119.691214,144.323961
1579,63.16,119.749576,144.271085
1580,63.2,119.870391,144.28645
1581,63.24,119.813062,144.281969
1582,63.28,119.855823,144.368957
1583,63.32,119.944077,144.478845
1584,63.36,120.107927,144.621637
1585,63.4,120.238547,144.669569
1586,63.44,120.514025,144.778561
1587,63.48,120.829182,144.833652
1588,63.52,121.118035,144.975308
1589,63.56,121.422134,145.046404
1590,63.6,121.924132,145.054119
1591,63.64,122.524341,144.782317
1592,63.68,123.377662,144.503872
1593,63.72,124.377692,144.080236
1594,63.76,125.594269,143.806032
1595,63.8,126.883481,143.491858
1596,63.84,128.292455,143.371423
1597,63.88,129.754318,143.114999
1598,63.92,131.167216,143.054994
1599,63.96,132.681057,142.931476
1600,64,134.19039,142.896656
1601,64.04,135.73532,142.856007
1602,64.08,137.163603,142.862337
1603,64.12,138.51609,142.837996
1604,64.16,139.772766,142.847685
1605,64.2,140.887182,142.862576
1606,64.24,141.88484,142.95158
1607,64.28,142.668925,143.010297
1608,64.32,143.311042,143.071103
1609,64.36,143.691247,143.01848
1610,64.4,143.948873,143.027528
1611,64.44,144.032233,142.97972
1612,64.48,143.974119,142.898724
1613,64.52,143.733535,142.742303
1614,64.56,143.443246,142.600255
1615,64.6,143.031321,142.433579
1616,64.64,142.771907,142.406521
1617,64.68,142.484122,142.381446
1618,64.72,142.316576,142.453429
1619,64.76,142.177966,142.478939
1620,64.8,142.190624,142.520285
1621,64.84,142.229295,142.478752
1622,64.88,142.354623,142.525738
1623,64.92,142.487476,142.560836
1624,64.96,142.708129,142.599639
1625,65,142.930453,142.594585
1626,65.04,142.989674,142.692681
1627,65.08,143.010318,142.721932
1628,65.12,143.015245,142.716183
1629,65.16,142.927369,142.729452
1630,65.2,142.684398,142.753612
1631,65.24,142.289742,142.745227
1632,65.28,141.773132,142.778551
1633,65.32,141.146892,142.723945
1634,65.36,140.369142,142.659615
1635,65.4,139.518094,142.522855
1636,65.44,138.546155,142.448938
1637,65.48,137.690194,142.359594
1638,65.52,136.720919,142.384238
1639,65.56,135.853158,142.334512
1640,65.6,134.892674,142.409288
1641,65.64,134.15124,142.479381
1642,65.68,133.343943,142.656593
1643,65.72,132.626104,142.75677
1644,65.76,131.947257,142.989427
1645,65.8,131.368711,143.140303
1646,65.84,131.09963,143.427065
1647,65.88,130.851103,143.654994
1648,65.92,130.754052,144.011167
1649,65.96,130.762,144.340526
1650,66,130.807555,144.677594
1651,66.04,130.759393,144.792462
1652,66.08,130.756407,145.052313
1653,66.12,130.610064,145.159446
1654,66.16,130.504843,145.342518
1655,66.2,130.339964,145.425089
1656,66.24,130.252275,145.528939
1657,66.28,130.24437,145.481748
1658,66.32,130.276589,145.444358
1659,66.36,130.359747,145.354051
1660,66.4,130.505434,145.313501
1661,66.44,130.778508,145.23932
1662,66.48,131.100753,145.192625
1663,66.52,131.474405,145.170985
1664,66.56,131.94359,145.155573
1665,66.6,132.437651,145.128258
1666,66.64,132.91985,145.153976
1667,66.68,133.393007,145.133536
1668,66.72,133.914381,145.156848
1669,66.76,134.359559,145.080765
1670,66.8,134.837622,145.077516
1671,66.84,135.289253,145.011911
1672,66.88,135.700955,144.902987
1673,66.92,135.996965,144.769127
1674,66.96,136.303179,144.723614
1675,67,136.660319,144.563306
1676,67.04,136.895577,144.462504
1677,67.08,137.212005,144.399083
1678,67.12,137.569173,144.354641
1679,67.16,137.914172,144.311019
1680,67.2,138.107798,144.371431
1681,67.24,138.310633,144.3044
1682,67.28,138.61066,144.316425
1683,67.32,138.69039,144.309735
1684,67.36,138.834566,144.277673
1685,67.4,138.885476,144.282255
1686,67.44,138.972119,144.313205
1687,67.48,138.957445,144.240402
1688,67.52,138.96705,144.235633
1689,67.56,138.951792,144.204632
1690,67.6,138.737475,144.184255
1691,67.64,138.584809,144.117032
1692,67.68,138.380311,144.125348
1693,67.72,138.153537,144.069858
1694,67.76,137.879025,144.084793
1695,67.8,137.585238,144.048623
1696,67.84,137.114165,144.064793
1697,67.88,136.730583,144.025513
1698,67.92,136.192855,144.039496
1699,67.96,135.581573,143.951476
1700,68,135.000321,143.951592
1701,68.04,134.361363,143.873297
1702,68.08,133.700212,143.840943
1703,68.12,133.038138,143.788185
1704,68.16,132.469788,143.778131
1705,68.2,131.777644,143.751419
1706,68.24,131.153853,143.764806
1707,68.28,130.415241,143.797867
1708,68.32,129.818375,143.868795
1709,68.36,129.263435,143.878469
1710,68.4,128.775312,144.057613
1711,68.44,128.221069,144.146696
1712,68.48,128.067283,144.343982
1713,68.52,127.590624,144.438969
1714,68.56,127.243901,144.601586
1715,68.6,126.949533,144.635188
1716,68.64,126.725329,144.732682
1717,68.68,126.454017,144.786286
1718,68.72,126.302899,144.953434
1719,68.76,125.953213,145.110402
1720,68.8,125.577814,145.312554
1721,68.84,125.119481,145.493638
1722,68.88,124.629372,145.800554
1723,68.92,124.046441,146.014579
1724,68.96,123.62684,146.334045
1725,69,123.188626,146.569298
1726,69.04,122.916762,146.935082
1727,69.08,122.577164,147.152572
1728,69.12,122.561692,147.473167
1729,69.16,122.429333,147.727132
1730,69.2,122.447173,148.004929
1731,69.24,122.418572,148.294864
1732,69.28,122.493363,148.552125
1733,69.32,122.528587,148.704909
1734,69.36,122.596698,148.903198
1735,69.4,122.557554,148.965038
1736,69.44,122.597338,149.041103
1737,69.48,122.546214,149.060095
1738,69.52,122.596823,149.133624
1739,69.56,122.538924,149.107691
1740,69.6,122.599044,149.130214
1741,69.64,122.580749,149.114317
1742,69.68,122.621624,149.11636
1743,69.72,122.575,149.116333
1744,69.76,122.686033,149.111996
1745,69.8,122.679558,149.101417
1746,69.84,122.803987,149.087827
1747,69.88,122.787369,148.966942
1748,69.92,123.04945,148.88964
1749,69.96,123.132065,148.729223
1750,70,123.399134,148.608442
1751,70.04,123.793184,148.354476
1752,70.08,124.196426,148.178995
1753,70.12,124.553788,147.958898
1754,70.16,125.100103,147.7439
1755,70.2,125.716735,147.496063
1756,70.24,126.432512,147.272123
1757,70.28,126.964058,146.874913
1758,70.32,127.640841,146.569744
1759,70.36,128.377362,146.3222
1760,70.4,129.130033,146.172984
1761,70.44,129.814748,146.071932
1762,70.48,130.454706,146.131438
1763,70.52,131.074356,146.172755
1764,70.56,131.696314,146.257218
1765,70.6,132.292937,146.29594
1766,70.64,133.052313,146.368789
1767,70.68,133.734466,146.377471
1768,70.72,134.450837,146.454666
1769,70.76,135.180295,146.503172
1770,70.8,135.805708,146.584533
1771,70.84,136.429957,146.617046
1772,70.88,136.980305,146.687147
1773,70.92,137.390856,146.700017
1774,70.96,137.602553,146.744458
1775,71,137.582343,146.637917
1776,71.04,137.547236,146.596973
1777,71.08,137.22806,146.424256
1778,71.12,136.760083,146.327508
1779,71.16,136.172908,146.253354
1780,71.2,135.439828,146.255215
1781,71.24,134.526557,146.213213
1782,71.28,133.539584,146.238177
1783,71.32,132.507179,146.235132
1784,71.36,131.394725,146.234348
1785,71.4,130.257673,146.270397
1786,71.44,129.206042,146.301417
1787,71.48,128.231555,146.389024
1788,71.52,127.299606,146.54545
1789,71.56,126.553023,146.670523
1790,71.6,126.145038,146.930042
1791,71.64,125.919081,147.171246
1792,71.68,125.869673,147.330625
1793,71.72,125.817234,147.304149
1794,71.76,125.856775,147.266001
1795,71.8,125.867819,147.082159
1796,71.84,126.102478,146.948455
1797,71.88,126.33064,146.71186
1798,71.92,126.741557,146.537516
1799,71.96,127.181844,146.22357
1800,72,127.733843,146.108245
1801,72.04,128.234879,145.911445
1802,72.08,128.876574,145.789249
1803,72.12,129.542939,145.634999
1804,72.16,130.133817,145.560922
1805,72.2,130.670373,145.295257
1806,72.24,131.258022,145.201088
1807,72.28,131.867077,144.975101
1808,72.32,132.438199,144.73766
1809,72.36,133.132547,144.565039
1810,72.4,133.86942,144.507839
1811,72.44,134.496275,144.430019
1812,72.48,134.988291,144.521068
1813,72.52,135.330371,144.559212
1814,72.56,135.564287,144.768314
1815,72.6,135.614432,144.937845
1816,72.64,135.528876,145.117648
1817,72.68,135.363037,145.245667
1818,72.72,135.009045,145.427198
1819,72.76,134.571211,145.456821
1820,72.8,134.06647,145.633398
1821,72.84,133.544704,145.689865
1822,72.88,132.903268,145.82627
1823,72.92,132.195118,145.809346
1824,72.96,131.41402,145.846526
1825,73,130.517334,145.814721
1826,73.04,129.454887,145.737204
1827,73.08,128.311759,145.609636
1828,73.12,127.025341,145.433953
1829,73.16,125.533186,145.22355
1830,73.2,124.00988,145.089318
1831,73.24,122.63278,144.716769
1832,73.28,121.562997,144.519717
1833,73.32,120.733857,144.209077
1834,73.36,120.153199,144.025183
1835,73.4,119.915363,143.776224
1836,73.44,120.020398,143.743354
1837,73.48,120.130845,143.666692
1838,73.52,120.419322,143.75087
1839,73.56,120.625134,143.758836
1840,73.6,120.774525,143.827746
1841,73.64,120.824176,143.825365
1842,73.68,120.862174,143.915829
1843,73.72,120.844587,143.902871
1844,73.76,120.920572,143.910488
1845,73.8,120.925714,143.924289
1846,73.84,121.075807,143.999773
1847,73.88,121.28651,143.992252
1848,73.92,121.610499,143.990365
1849,73.96,122.100955,143.917657
1850,74,122.586694,143.847572
1851,74.04,123.194849,143.581789
1852,74.08,123.943926,143.30479
1853,74.12,124.802323,142.893535
1854,74.16,125.824942,142.702484
1855,74.2,126.938905,142.423766
1856,74.24,128.084517,142.312086
1857,74.28,129.41828,142.225596
1858,74.32,130.78475,142.167462
1859,74.36,132.15257,142.107269
1860,74.4,133.551599,142.150989
1861,74.44,134.762042,142.09176
1862,74.48,135.85936,142.104119
1863,74.52,136.800918,142.116061
1864,74.56,137.649898,142.117765
1865,74.6,138.390909,142.124828
1866,74.64,139.013192,142.23095
1867,74.68,139.49813,142.236304
1868,74.72,139.86011,142.254389
1869,74.76,140.019185,142.285383
1870,74.8,140.116049,142.322454
1871,74.84,140.017386,142.297955
1872,74.88,140.009009,142.303247
1873,74.92,139.895834,142.125815
1874,74.96,139.653505,141.987686
1875,75,139.52358,141.809583
1876,75.04,139.456462,141.706864
1877,75.08,139.452236,141.63711
1878,75.12,139.631456,141.604452
1879,75.16,139.942499,141.521574
1880,75.2,140.404707,141.519468
1881,75.24,140.95187,141.474641
1882,75.28,141.477408,141.536988
1883,75.32,141.899514,141.558955
1884,75.36,142.183039,141.689302
1885,75.4,142.30677,141.731172
1886,75.44,142.179341,141.782361
1887,75.48,142.025838,141.82247
1888,75.52,141.641914,141.90021
1889,75.56,141.023711,141.912393
1890,75.6,140.368356,141.972811
1891,75.64,139.532955,141.948525
1892,75.68,138.549077,141.961056
1893,75.72,137.605295,141.815082
1894,75.76,136.527645,141.599889
1895,75.8,135.483757,141.392439
1896,75.84,134.33788,141.378296
1897,75.88,133.386147,141.314892
1898,75.92,132.352539,141.340398
1899,75.96,131.459229,141.350598
1900,76,130.537411,141.484261
1901,76.04,129.692034,141.621302
1902,76.08,128.847311,141.865362
1903,76.12,128.017729,142.118862
1904,76.16,127.345584,142.491236
1905,76.2,126.584048,142.818993
1906,76.24,125.931037,143.285116
1907,76.28,125.263371,143.577509
1908,76.32,124.690974,143.912739
1909,76.36,124.126386,144.129425
1910,76.4,123.640899,144.380001
1911,76.44,123.068929,144.564139
1912,76.48,122.594082,144.721474
1913,76.52,122.254377,144.885523
1914,76.56,121.959431,145.132268
1915,76.6,121.588711,145.123215
1916,76.64,121.404777,145.076414
1917,76.68,121.285848,144.801255
1918,76.72,121.285604,144.597519
1919,76.76,121.219411,144.292993
1920,76.8,121.280142,144.153702
1921,76.84,121.238181,143.933285
1922,76.88,121.292341,143.752484
1923,76.92,121.271716,143.620289
1924,76.96,121.402203,143.57175
1925,77,121.460874,143.519798
1926,77.04,121.76069,143.620458
1927,77.08,121.908451,143.722841
1928,77.12,122.235928,143.875045
1929,77.16,122.43163,143.951074
1930,77.2,122.750229,144.085347
1931,77.24,122.968059,144.14058
1932,77.28,123.301307,144.233296
1933,77.32,123.681235,144.203198
1934,77.36,124.072449,144.234548
1935,77.4,124.606789,144.206091
1936,77.44,125.2546,144.089214
1937,77.48,125.855501,143.661928
1938,77.52,126.681512,143.434265
1939,77.56,127.411762,143.120385
1940,77.6,128.36352,142.912804
1941,77.64,129.316794,142.701285
1942,77.68,130.349022,142.555882
1943,77.72,131.42852,142.41556
1944,77.76,132.669434,142.417653
1945,77.8,133.856259,142.333757
1946,77.84,134.993489,142.347873
1947,77.88,136.088389,142.296437
1948,77.92,137.279939,142.306827
1949,77.96,138.264473,142.287582
1950,78,139.232579,142.323194
1951,78.04,140.274603,142.291145
1952,78.08,141.14525,142.315242
1953,78.12,141.785768,142.35963
1954,78.16,142.455726,142.453529
1955,78.2,142.851175,142.477327
1956,78.24,143.13791,142.553221
1957,78.28,143.185608,142.482502
1958,78.32,143.250929,142.48427
1959,78.36,143.186548,142.470196
1960,78.4,143.05315,142.358753
1961,78.44,142.85375,142.259355
1962,78.48,142.679132,142.151842
1963,78.52,142.522499,142.023525
1964,78.56,142.481869,141.950265
1965,78.6,142.467187,141.817638
1966,78.64,142.525666,141.788252
1967,78.68,142.595701,141.676828
1968,78.72,142.735636,141.682547
1969,78.76,142.867871,141.659059
1970,78.8,142.988813,141.718031
1971,78.84,143.045315,141.77054
1972,78.88,143.08347,141.892254
1973,78.92,142.886373,141.953601
1974,78.96,142.646537,142.071399
1975,79,142.211238,142.088707
1976,79.04,141.678286,142.218606
1977,79.08,140.958825,142.288634
1978,79.12,140.044478,142.387843
1979,79.16,139.092146,142.361524
1980,79.2,138.024602,142.380093
1981,79.24,137.072432,142.116873
1982,79.28,136.024499,141.93933
1983,79.32,134.92279,141.830538
1984,79.36,133.741568,141.828354
1985,79.4,132.762176,141.746541
1986,79.44,131.757064,141.853028
1987,79.48,130.787045,141.93208
1988,79.52,129.918652,142.087201
1989,79.56,129.125813,142.322534
1990,79.6,128.271049,142.682822
1991,79.64,127.511448,142.992812
1992,79.68,126.929973,143.384725
1993,79.72,126.276755,143.679335
1994,79.76,125.771874,144.054266
1995,79.8,125.131383,144.294973
1996,79.84,124.621213,144.513046
1997,79.88,123.987646,144.723918
1998,79.92,123.592004,144.977167
1999,79.96,123.102226,145.104955
2000,80,122.925397,145.338808
2001,80.04,122.721496,145.481951
2002,80.08,122.562895,145.552111
2003,80.12,122.434596,145.545062
2004,80.16,122.435405,145.526313
2005,80.2,122.444229,145.29131
2006,80.24,122.51798,144.999613
2007,80.28,122.601405,144.783587
2008,80.32,122.720532,144.573214
2009,80.36,122.752179,144.373245
2010,80.4,122.878579,144.241277
2011,80.44,122.923169,144.026362
2012,80.48,123.236597,143.945604
2013,80.52,123.4994,143.825923
2014,80.56,123.90636,143.86345
2015,80.6,124.110657,143.99383
2016,80.64,124.335512,144.149906
2017,80.68,124.328626,144.18999
2018,80.72,124.66233,144.26801
2019,80.76,124.820279,144.283419
2020,80.8,125.196111,144.325878
2021,80.84,125.401174,144.295744
2022,80.88,125.953105,144.264333
2023,80.92,126.457809,144.097645
2024,80.96,127.042138,143.724036
2025,81,127.77892,143.246073
2026,81.04,128.673015,142.966742
2027,81.08,129.620219,142.627049
2028,81.12,130.682497,142.472487
2029,81.16,131.760252,142.338207
2030,81.2,132.85585,142.272863
2031,81.24,134.086722,142.176882
2032,81.28,135.302344,142.149355
2033,81.32,136.453995,142.165875
2034,81.36,137.609259,142.15891
2035,81.4,138.776515,142.123657
2036,81.44,139.813131,142.142946
2037,81.48,140.652113,142.124528
2038,81.52,141.446991,142.196199
2039,81.56,142.111508,142.227197
2040,81.6,142.634202,142.281288
2041,81.64,142.976965,142.345078
2042,81.68,143.255431,142.402174
2043,81.72,143.278351,142.416615
2044,81.76,143.246676,142.445013
2045,81.8,143.104634,142.402104
2046,81.84,142.962712,142.398088
2047,81.88,142.682988,142.283238
2048,81.92,142.423519,142.180115
2049,81.96,142.118814,142.012113
2050,82,141.812489,141.913906
2051,82.04,141.506533,141.817728
2052,82.08,141.090464,141.793262
2053,82.12,140.710791,141.69857
2054,82.16,140.466937,141.689785
2055,82.2,140.418728,141.658084
2056,82.24,140.59394,141.669871
2057,82.28,140.810756,141.657574
2058,82.32,141.058362,141.763193
2059,82.36,141.058237,141.758713
2060,82.4,140.985413,141.922911
2061,82.44,140.649808,141.951572
2062,82.48,140.232373,142.051936
2063,82.52,139.773979,142.114636
2064,82.56,139.199456,142.190007
2065,82.6,138.595059,142.162487
2066,82.64,137.795306,142.205729
2067,82.68,136.92458,142.13991
2068,82.72,136.010321,141.931402
2069,82.76,135.111128,141.654271
2070,82.8,134.257188,141.505087
2071,82.84,133.478199,141.374697
2072,82.88,132.933676,141.322444
2073,82.92,132.336439,141.262269
2074,82.96,131.863434,141.330864
2075,83,131.367192,141.38376
2076,83.04,130.874924,141.54838
2077,83.08,130.156319,141.645954
2078,83.12,129.509221,141.86073
2079,83.16,128.777695,142.065429
2080,83.2,127.976937,142.32983
2081,83.24,127.214436,142.542382
2082,83.28,126.390351,142.851865
2083,83.32,125.552709,143.058906
2084,83.36,124.858622,143.469832
2085,83.4,124.138626,143.710494
2086,83.44,123.475494,143.987499
2087,83.48,122.843141,144.112768
2088,83.52,122.351412,144.273277
2089,83.56,121.771622,144.310327
2090,83.6,121.316171,144.403859
2091,83.64,120.783028,144.316833
2092,83.68,120.576267,144.19242
2093,83.72,120.506549,144.024723
2094,83.76,120.651431,143.932863
2095,83.8,120.873327,143.750305
2096,83.84,121.355259,143.638942
2097,83.88,121.930782,143.451312
2098,83.92,122.486698,143.385517
2099,83.96,122.850033,143.370239
2100,84,123.251364,143.426671
2101,84.04,123.325441,143.479771
2102,84.08,123.475615,143.561649
2103,84.12,123.573878,143.633182
2104,84.16,123.700927,143.676561
2105,84.2,123.977705,143.677805
2106,84.24,124.252359,143.741917
2107,84.28,124.606631,143.719949
2108,84.32,125.035031,143.694563
2109,84.36,125.513716,143.587
2110,84.4,126.169187,143.336188
2111,84.44,126.922442,142.858748
2112,84.48,127.983847,142.530066
2113,84.52,128.977068,142.25852
2114,84.56,130.135838,142.147269
2115,84.6,131.284181,142.059355
2116,84.64,132.521575,142.009672
2117,84.68,133.800239,141.943225
2118,84.72,135.025235,141.929962
2119,84.76,136.327865,141.892299
2120,84.8,137.499522,141.878429
2121,84.84,138.593741,141.876369
2122,84.88,139.566333,141.966574
2123,84.92,140.523785,141.960707
2124,84.96,141.213216,142.040336
2125,85,141.82306,142.056406
2126,85.04,142.281696,142.078326
2127,85.08,142.751834,142.127452
2128,85.12,143.015569,142.220513
2129,85.16,143.206949,142.187764
2130,85.2,143.238058,142.285402
2131,85.24,143.222461,142.260595
2132,85.28,143.153697,142.241695
2133,85.32,143.034557,142.117213
2134,85.36,142.857044,141.968284
2135,85.4,142.65352,141.824146
2136,85.44,142.657874,141.802773
2137,85.48,142.663711,141.749397
2138,85.52,142.676505,141.766827
2139,85.56,142.68437,141.757391
2140,85.6,142.787737,141.735031
2141,85.64,142.770504,141.718252
2142,85.68,142.848161,141.713324
2143,85.72,142.837555,141.778875
2144,85.76,142.883529,141.846577
2145,85.8,142.865047,141.913007
2146,85.84,142.773177,141.930683
2147,85.88,142.558656,141.906298
2148,85.92,142.267753,141.965235
2149,85.96,141.857615,141.963728
2150,86,141.327415,142.041664
2151,86.04,140.726567,142.047186
2152,86.08,139.95092,142.05366
2153,86.12,139.091698,142.033579
2154,86.16,138.071155,142.042804
2155,86.2,137.083815,141.81906
2156,86.24,136.126344,141.664843
2157,86.28,135.045656,141.594357
2158,86.32,133.961646,141.616312
2159,86.36,132.925545,141.624457
2160,86.4,131.781811,141.690024
2161,86.44,130.596637,141.702556
2162,86.48,129.605197,141.844273
2163,86.52,128.523354,141.986225
2164,86.56,127.601128,142.232502
2165,86.6,126.722164,142.499103
2166,86.64,125.955559,142.89966
2167,86.68,125.18639,143.107872
2168,86.72,124.619816,143.354808
2169,86.76,123.993197,143.424359
2170,86.8,123.5076,143.581414
2171,86.84,123.081893,143.590375
2172,86.88,122.797205,143.672983
2173,86.92,122.406262,143.713106
2174,86.96,122.164394,143.806241
2175,87,121.89322,143.758354
2176,87.04,121.741134,143.600128
2177,87.08,121.603668,143.272076
2178,87.12,121.66351,143.17143
2179,87.16,121.745507,143.166745
2180,87.2,121.93017,143.169455
2181,87.24,121.977742,143.166592
2182,87.28,122.099184,143.193286
2183,87.32,122.071501,143.148407
2184,87.36,122.096048,143.182716
2185,87.4,122.031168,143.168225
2186,87.44,122.085675,143.162666
2187,87.48,122.030208,143.172981
2188,87.52,122.118028,143.259683
2189,87.56,122.037959,143.27567
2190,87.6,122.128708,143.372183
2191,87.64,122.106817,143.356644
2192,87.68,122.340104,143.352008
2193,87.72,122.549706,143.329421
2194,87.76,122.976431,143.345148
2195,87.8,123.454374,143.276558
2196,87.84,124.364265,143.187463
2197,87.88,125.321843,142.8411
2198,87.92,126.419458,142.518974
2199,87.96,127.546951,142.292024
2200,88,128.844328,142.134554
2201,88.04,130.060769,142.024661
2202,88.08,131.456501,142.002582
2203,88.12,132.862027,141.921813
2204,88.16,134.303924,141.923091
2205,88.2,135.755709,141.897954
2206,88.24,137.187677,141.933574
2207,88.28,138.525655,141.917872
2208,88.32,139.78658,141.951578
2209,88.36,140.978206,141.948669
2210,88.4,141.96649,141.964788
2211,88.44,142.811759,141.990968
2212,88.48,143.505979,142.066699
2213,88.52,144.050403,142.054283
2214,88.56,144.591555,142.114306
2215,88.6,144.958823,142.09783
2216,88.64,145.12677,142.126673
2217,88.68,145.160326,142.118514
2218,88.72,145.098194,142.067829
2219,88.76,144.921852,141.888583
2220,88.8,144.714147,141.796661
2221,88.84,144.491644,141.648318
2222,88.88,144.343624,141.561789
2223,88.92,144.250976,141.504377
2224,88.96,144.272087,141.489346
2225,89,144.222813,141.446797
2226,89.04,144.265939,141.403642
2227,89.08,144.151828,141.358086
2228,89.12,144.146029,141.361796
2229,89.16,144.047604,141.356022
2230,89.2,144.013907,141.432978
2231,89.24,143.925202,141.461225
2232,89.28,143.90566,141.497924
2233,89.32,143.834639,141.539033
2234,89.36,143.612794,141.588327
2235,89.4,143.274274,141.652016
2236,89.44,142.858931,141.717209
2237,89.48,142.307259,141.710893
2238,89.52,141.688106,141.787138
2239,89.56,140.917927,141.780644
2240,89.6,139.934379,141.831249
2241,89.64,138.939346,141.80747
2242,89.68,137.991221,141.630099
2243,89.72,136.934297,141.274272
2244,89.76,135.735148,141.12145
2245,89.8,134.488562,141.042493
2246,89.84,133.468883,141.027262
2247,89.88,132.292226,141.019408
2248,89.92,131.106064,141.101581
2249,89.96,129.973815,141.202555
2250,90,128.97593,141.578916
2251,90.04,127.786693,141.822015
2252,90.08,126.928054,142.318901
2253,90.12,126.040116,142.726744
2254,90.16,125.185284,143.122664
2255,90.2,124.486127,143.422266
2256,90.24,123.88293,143.711164
2257,90.28,123.334029,143.869052
2258,90.32,123.011683,144.192937
2259,90.36,122.549554,144.425393
2260,90.4,122.210249,144.627575
2261,90.44,121.806239,144.794217
2262,90.48,121.381467,145.030531
2263,90.52,120.899113,145.113877
2264,90.56,120.615467,145.257982
2265,90.6,120.274244,145.203193
2266,90.64,120.275349,145.027531
2267,90.68,120.335841,144.645616
2268,90.72,120.617327,144.411071
2269,90.76,120.74158,144.067983
2270,90.8,121.111116,143.90355
2271,90.84,121.275444,143.700969
2272,90.88,121.482252,143.528035
2273,90.92,121.67509,143.470569
2274,90.96,121.855196,143.519816
2275,91,121.945708,143.551864
2276,91.04,122.132461,143.673487
2277,91.08,122.202334,143.74755
2278,91.12,122.215496,143.888937
2279,91.16,122.179295,143.913035
2280,91.2,122.194766,143.947332
2281,91.24,122.187943,143.899102
2282,91.28,122.226383,143.91177
2283,91.32,122.221796,143.876107
2284,91.36,122.378868,143.882873
2285,91.4,122.62156,143.85987
2286,91.44,123.047876,143.804803
2287,91.48,123.531145,143.570769
2288,91.52,124.282442,143.369366
2289,91.56,125.025061,143.11603
2290,91.6,125.934024,142.92808
2291,91.64,126.914377,142.670899
2292,91.68,127.936561,142.46498
2293,91.72,129.043684,142.176653
2294,91.76,130.312957,142.036479
2295,91.8,131.652786,141.883353
2296,91.84,133.256378,141.908284
2297,91.88,135.083322,142.045237
2298,91.92,137.004259,142.289763
2299,91.96,138.905445,142.41225
2300,92,140.645875,142.663448
2301,92.04,142.170846,142.710945
2302,92.08,143.38648,142.836656
2303,92.12,144.344977,142.855392
2304,92.16,145.110622,142.937248
2305,92.2,145.642664,142.917156
2306,92.24,146.201925,142.94257
2307,92.28,146.588443,142.965292
2308,92.32,146.801845,142.954498
2309,92.36,146.879059,142.927672
2310,92.4,146.902915,142.899039
2311,92.44,146.802086,142.806088
2312,92.48,146.57671,142.611807
2313,92.52,146.036061,142.330173
2314,92.56,145.382383,142.055726
2315,92.6,144.61805,141.835224
2316,92.64,143.845653,141.720865
2317,92.68,143.252996,141.593882
2318,92.72,142.871494,141.563934
2319,92.76,142.794417,141.487494
2320,92.8,142.996354,141.494462
2321,92.84,143.424751,141.475822
2322,92.88,143.954572,141.590852
2323,92.92,144.329532,141.679518
2324,92.96,144.432494,141.840201
2325,93,144.345897,141.947931
2326,93.04,144.021592,142.116414
2327,93.08,143.36369,142.126253
2328,93.12,142.647098,142.160812
2329,93.16,141.719652,142.113467
2330,93.2,140.593161,142.091418
2331,93.24,139.279409,142.066879
2332,93.28,137.775803,141.933985
2333,93.32,136.139705,141.620746
2334,93.36,134.628906,141.504935
2335,93.4,133.177612,141.423744
2336,93.44,131.970337,141.410755
2337,93.48,130.702498,141.394458
2338,93.52,129.564378,141.453985
2339,93.56,128.451466,141.485506
2340,93.6,127.590995,141.675108
2341,93.64,126.713869,141.832134
2342,93.68,125.90233,142.103614
2343,93.72,125.164016,142.3278
2344,93.76,124.547314,142.642387
2345,93.8,123.902947,142.880158
2346,93.84,123.343393,143.207783
2347,93.88,122.816147,143.39155
2348,93.92,122.42424,143.662919
2349,93.96,122.061021,143.826262
2350,94,121.805016,144.055892
2351,94.04,121.431627,144.155689
2352,94.08,121.379158,144.228835
2353,94.12,121.198451,144.130741
2354,94.16,121.216318,144.094237
2355,94.2,121.129235,143.874666
2356,94.24,121.37899,143.61969
2357,94.28,121.610375,143.303615
2358,94.32,121.932044,143.157062
2359,94.36,122.118257,142.957356
2360,94.4,122.366702,142.801345
2361,94.44,122.342122,142.74151
2362,94.48,122.444794,142.831331
2363,94.52,122.499169,142.891358
2364,94.56,122.741605,143.063461
2365,94.6,122.777694,143.168426
2366,94.64,123.078555,143.349425
2367,94.68,123.187399,143.539504
2368,94.72,123.321029,143.712328
2369,94.76,123.394465,143.812426
2370,94.8,123.561638,143.924872
2371,94.84,123.539457,143.892624
2372,94.88,123.81354,143.869031
2373,94.92,124.012755,143.783075
2374,94.96,124.39615,143.677308
2375,95,124.853786,143.312408
2376,95.04,125.539505,142.954668
2377,95.08,126.29247,142.676123
2378,95.12,127.174834,142.52707
2379,95.16,128.128337,142.319709
2380,95.2,129.24765,142.186408
2381,95.24,130.352463,142.075688
2382,95.28,131.590941,142.030841
2383,95.32,132.845149,142.004699
2384,95.36,134.033987,142.00703
2385,95.4,135.179104,141.957581
2386,95.44,136.137301,142.004353
2387,95.48,136.997921,142.060794
2388,95.52,137.743808,142.161052
2389,95.56,138.366168,142.218107
2390,95.6,139.040546,142.345811
2391,95.64,139.583963,142.390549
2392,95.68,140.161591,142.455613
2393,95.72,140.476451,142.45746
2394,95.76,140.900345,142.525065
2395,95.8,141.058005,142.432672
2396,95.84,141.158538,142.363929
2397,95.88,141.114398,142.149084
2398,95.92,141.019874,141.984715
2399,95.96,140.749875,141.77483
2400,96,140.622318,141.722807
2401,96.04,140.54133,141.613653
2402,96.08,140.493448,141.581794
2403,96.12,140.479489,141.5161
2404,96.16,140.614107,141.472225
2405,96.2,140.771727,141.373039
2406,96.24,141.045473,141.406507
2407,96.28,141.355296,141.417018
2408,96.32,141.64044,141.563411
2409,96.36,141.818989,141.655622
2410,96.4,141.860493,141.75979
2411,96.44,141.656392,141.783521
2412,96.48,141.377384,141.822913
2413,96.52,140.841759,141.775702
2414,96.56,140.306339,141.814124
2415,96.6,139.634331,141.803836
2416,96.64,138.835949,141.821356
2417,96.68,137.878197,141.790021
2418,96.72,136.746082,141.84353
2419,96.76,135.49041,141.635927
2420,96.8,134.224937,141.441288
2421,96.84,132.919448,141.29461
2422,96.88,131.736717,141.216711
2423,96.92,130.811322,141.116998
2424,96.96,130.119093,141.163429
2425,97,129.522337,141.152854
2426,97.04,129.210974,141.329809
2427,97.08,128.862182,141.514254
2428,97.12,128.644924,141.867624
2429,97.16,128.436569,142.188404
2430,97.2,128.307442,142.636161
2431,97.24,128.220016,143.017242
2432,97.28,128.361202,143.514843
2433,97.32,128.601119,144.052732
2434,97.36,128.878406,144.697676
2435,97.4,129.015834,145.136526
2436,97.44,129.052664,145.548158
2437,97.48,128.930016,145.745107
2438,97.52,128.820346,145.896431
2439,97.56,128.507716,145.919434
2440,97.6,128.290589,145.875021
2441,97.64,128.080526,145.757386
2442,97.68,127.994337,145.586342
2443,97.72,127.89687,145.237847
2444,97.76,127.873719,144.92019
2445,97.8,127.729032,144.452122
2446,97.84,127.622983,144.074446
2447,97.88,127.438829,143.619412
2448,97.92,127.305682,143.369535
2449,97.96,127.149738,143.165949
2450,98,127.11876,143.149538
2451,98.04,127.047769,143.17914
2452,98.08,127.130167,143.360661
2453,98.12,127.182298,143.563098
2454,98.16,127.395324,143.740621
2455,98.2,127.442865,143.790273
2456,98.24,127.833276,143.868258
2457,98.28,127.933415,143.905332
2458,98.32,128.233822,144.022386
2459,98.36,128.396054,143.998105
2460,98.4,128.76309,143.948031
2461,98.44,129.137552,143.818028
2462,98.48,129.633467,143.778128
2463,98.52,130.182632,143.603817
2464,98.56,131.000063,143.316313
2465,98.6,131.872442,142.994942
2466,98.64,132.73493,142.785588
2467,98.68,133.642713,142.559665
2468,98.72,134.666951,142.397965
2469,98.76,135.689725,142.306147
2470,98.8,136.74802,142.211803
2471,98.84,137.791635,142.097667
2472,98.88,138.816473,142.074073
2473,98.92,139.847281,142.04059
2474,98.96,140.794896,142.08702
2475,99,141.695247,142.112113
2476,99.04,142.493181,142.146318
2477,99.08,143.260093,142.209065
2478,99.12,143.830234,142.318253
2479,99.16,144.351581,142.396173
2480,99.2,144.770215,142.483561
2481,99.24,145.06661,142.532934
2482,99.28,145.244973,142.592148
2483,99.32,145.262341,142.541552
2484,99.36,145.171527,142.532802
2485,99.4,144.851617,142.389567
2486,99.44,144.526858,142.266967
2487,99.48,144.083486,142.011376
2488,99.52,143.638822,141.792019
2489,99.56,143.240533,141.558414
2490,99.6,142.95993,141.407996
2491,99.64,142.751992,141.178999
2492,99.68,142.6942,141.050869
2493,99.72,142.658068,140.928334
2494,99.76,142.676531,140.932916
2495,99.8,142.738697,140.865831
2496,99.84,142.806263,140.955553
2497,99.88,142.832629,141.053633
2498,99.92,142.831786,141.177559
2499,99.96,142.751573,141.352165
2500,100,142.503462,141.533586
2501,100.04,142.052084,141.587059
2502,100.08,141.437216,141.708162
2503,100.12,140.683076,141.669614
2504,100.16,139.722511,141.697484
2505,100.2,138.581695,141.718206
2506,100.24,137.289399,141.723585
2507,100.28,135.927713,141.609694
2508,100.32,134.529276,141.450294
2509,100.36,133.172106,141.235545
2510,100.4,131.902282,141.153754
2511,100.44,130.694963,141.059116
2512,100.48,129.643595,141.083931
2513,100.52,128.646931,141.092871
2514,100.56,127.897562,141.274416
2515,100.6,127.189121,141.430888
2516,100.64,126.536348,141.734202
2517,100.68,125.952242,142.021119
2518,100.72,125.341683,142.363805
2519,100.76,124.761904,142.658097
2520,100.8,124.324437,143.009728
2521,100.84,123.785918,143.234457
2522,100.88,123.508948,143.528292
2523,100.92,123.106985,143.767311
2524,100.96,122.81352,144.014001
2525,101,122.458292,144.198083
2526,101.04,122.218681,144.403145
2527,101.08,121.99682,144.448761
2528,101.12,121.772679,144.51559
2529,101.16,121.555801,144.500281
2530,101.2,121.332181,144.33902
2531,101.24,121.122325,144.019529
2532,101.28,121.04967,143.623388
2533,101.32,120.859581,143.172084
2534,101.36,120.842133,142.948988
2535,101.4,120.723149,142.749132
2536,101.44,120.756429,142.652848
2537,101.48,120.753024,142.492581
2538,101.52,120.935221,142.510698
2539,101.56,121.048792,142.496927
2540,101.6,121.37075,142.678405
2541,101.64,121.62389,142.888464
2542,101.68,121.88438,143.205154
2543,101.72,122.117571,143.402668
2544,101.76,122.361291,143.552512
2545,101.8,122.547842,143.541143
2546,101.84,122.849234,143.602268
2547,101.88,123.232033,143.587749
2548,101.92,123.724193,143.528489
2549,101.96,124.176854,143.432795
2550,102,124.838618,143.374539
2551,102.04,125.532244,143.198802
2552,102.08,126.377089,142.878016
2553,102.12,127.265524,142.493899
2554,102.16,128.355947,142.210405
2555,102.2,129.415023,141.832739
2556,102.24,130.551417,141.566092
2557,102.28,131.694445,141.26392
2558,102.32,132.960308,141.108609
2559,102.36,134.266397,140.96939
2560,102.4,135.656537,140.959217
2561,102.44,136.938679,140.943926
2562,102.48,138.261652,141.007305
2563,102.52,139.542205,140.968577
2564,102.56,140.699749,141.063184
2565,102.6,141.802156,141.069712
2566,102.64,142.717232,141.187087
2567,102.68,143.477509,141.236047
2568,102.72,144.071986,141.298345
2569,102.76,144.575162,141.293755
2570,102.8,144.910434,141.33554
2571,102.84,145.119316,141.30851
2572,102.88,145.196704,141.294989
2573,102.92,145.188342,141.218828
2574,102.96,145.19697,141.161332
2575,103,145.076111,140.969224
2576,103.04,144.922504,140.878498
2577,103.08,144.755793,140.716681
2578,103.12,144.589663,140.603551
2579,103.16,144.464346,140.454191
2580,103.2,144.419553,140.394802
2581,103.24,144.415395,140.322969
2582,103.28,144.481394,140.304403
2583,103.32,144.52385,140.291585
2584,103.36,144.604457,140.366981
2585,103.4,144.609607,140.420628
2586,103.44,144.636552,140.518912
2587,103.48,144.542337,140.583093
2588,103.52,144.3237,140.657621
2589,103.56,143.930424,140.718796
2590,103.6,143.405675,140.792945
2591,103.64,142.659142,140.824306
2592,103.68,141.836245,140.841648
2593,103.72,140.85558,140.826522
2594,103.76,139.885475,140.836848
2595,103.8,138.674632,140.826312
2596,103.84,137.351526,140.723098
2597,103.88,136.027063,140.549378
2598,103.92,134.619765,140.548784
2599,103.96,133.273687,140.548013
2600,104,131.956624,140.562684
2601,104.04,130.758163,140.656464
2602,104.08,129.741655,140.846369
2603,104.12,128.848269,141.125634
2604,104.16,128.044298,141.387273
2605,104.2,127.214795,141.575529
2606,104.24,126.521837,141.840836
2607,104.28,125.798661,142.090449
2608,104.32,125.092655,142.245645
2609,104.36,124.33962,142.404387
2610,104.4,123.681805,142.515085
2611,104.44,123.083673,142.632294
2612,104.48,122.459064,142.780816
2613,104.52,121.948646,142.944789
2614,104.56,121.414229,143.095071
2615,104.6,120.97256,143.326182
2616,104.64,120.551347,143.510137
2617,104.68,120.15752,143.625979
2618,104.72,119.861543,143.808793
2619,104.76,119.526744,143.910076
2620,104.8,119.400115,143.878822
2621,104.84,119.351193,143.717389
2622,104.88,119.383122,143.592691
2623,104.92,119.416897,143.430471
2624,104.96,119.541518,143.336479
2625,105,119.460199,143.295574
2626,105.04,119.451794,143.329061
2627,105.08,119.402363,143.340599
2628,105.12,119.450671,143.380464
2629,105.16,119.451681,143.408755
2630,105.2,119.575512,143.495046
2631,105.24,119.672304,143.607909
2632,105.28,119.899752,143.680269
2633,105.32,120.051807,143.724793
2634,105.36,120.415195,143.778968
2635,105.4,120.737138,143.723657
2636,105.44,121.282722,143.747109
2637,105.48,121.701402,143.690167
2638,105.52,122.32574,143.685834
2639,105.56,122.944238,143.52152
2640,105.6,123.765052,143.366848
2641,105.64,124.611153,143.102075
2642,105.68,125.522637,142.80671
2643,105.72,126.570889,142.515759
2644,105.76,127.752117,142.26294
2645,105.8,128.883124,141.885613
2646,105.84,130.224148,141.667006
2647,105.88,131.604486,141.473642
2648,105.92,133.255798,141.469478
2649,105.96,134.740661,141.428536
2650,106,136.279954,141.498924
2651,106.04,137.726285,141.487257
2652,106.08,138.982141,141.569568
2653,106.12,140.16612,141.565522
2654,106.16,141.23033,141.668206
2655,106.2,142.274284,141.69144
2656,106.24,143.092461,141.716467
2657,106.28,143.805502,141.761067
2658,106.32,144.300156,141.827737
2659,106.36,144.768979,141.811229
2660,106.4,145.030713,141.819523
2661,106.44,145.221971,141.770189
2662,106.48,145.359969,141.686746
2663,106.52,145.383503,141.549397
2664,106.56,145.404034,141.413318
2665,106.6,145.428231,141.219423
2666,106.64,145.493805,141.100951
2667,106.68,145.558859,140.984917
2668,106.72,145.712696,140.963614
2669,106.76,145.724765,140.930795
2670,106.8,145.800004,140.999016
2671,106.84,145.822197,141.039041
2672,106.88,145.798064,141.107546
2673,106.92,145.743272,141.156001
2674,106.96,145.542796,141.270039
2675,107,145.239476,141.302748
2676,107.04,144.848442,141.358331
2677,107.08,144.316378,141.315682
2678,107.12,143.641606,141.326175
2679,107.16,142.839409,141.29949
2680,107.2,141.871667,141.303075
2681,107.24,140.685567,141.285056
2682,107.28,139.382366,141.330036
2683,107.32,137.831927,141.18213
2684,107.36,136.007769,141.053245
2685,107.4,134.039473,140.892918
2686,107.44,131.98449,140.881351
2687,107.48,130.204635,140.866415
2688,107.52,128.683004,140.877845
2689,107.56,127.598234,140.89997
2690,107.6,126.882758,141.115103
2691,107.64,126.33046,141.328161
2692,107.68,125.836485,141.68395
2693,107.72,125.399466,142.060956
2694,107.76,125.046868,142.399019
2695,107.8,124.582146,142.679065
2696,107.84,124.399284,143.052819
2697,107.88,124.011192,143.321025
2698,107.92,123.66727,143.721415
2699,107.96,123.303789,144.013229
2700,108,122.925006,144.392951
2701,108.04,122.505305,144.601739
2702,108.08,122.302631,144.899633
2703,108.12,121.888471,145.015481
2704,108.16,121.627729,145.062293
2705,108.2,121.283723,145.003669
2706,108.24,121.043448,144.868042
2707,108.28,120.843653,144.551465
2708,108.32,120.80817,144.303201
2709,108.36,120.660641,144.001843
2710,108.4,120.662953,143.857616
2711,108.44,120.504824,143.661839
2712,108.48,120.564165,143.561154
2713,108.52,120.500788,143.445241
2714,108.56,120.589648,143.434542
2715,108.6,120.567842,143.42428
2716,108.64,120.670259,143.547006
2717,108.68,120.823543,143.628256
2718,108.72,120.963504,143.831096
2719,108.76,121.174135,143.851046
2720,108.8,121.497861,143.970345
2721,108.84,121.847662,144.004403
2722,108.88,122.206783,144.030057
2723,108.92,122.514003,143.872395
2724,108.96,122.908629,143.822515
2725,109,123.290545,143.620376
2726,109.04,123.745839,143.463166
2727,109.08,124.240327,143.162245
2728,109.12,124.891247,142.781891
2729,109.16,125.581335,142.370091
2730,109.2,126.402845,142.119333
2731,109.24,127.368743,141.777484
2732,109.28,128.448427,141.44074
2733,109.32,129.622027,141.045072
2734,109.36,130.918783,140.84179
2735,109.4,132.255126,140.640935
2736,109.44,133.630056,140.63407
2737,109.48,134.928508,140.56713
2738,109.52,136.162291,140.621764
2739,109.56,137.476235,140.65672
2740,109.6,138.610304,140.745379
2741,109.64,139.654473,140.767794
2742,109.68,140.573271,140.899183
2743,109.72,141.367643,140.924825
2744,109.76,142.006014,141.007707
2745,109.8,142.506693,141.09823
2746,109.84,142.780517,141.127617
2747,109.88,142.834073,141.090635
2748,109.92,142.770896,141.074545
2749,109.96,142.579193,140.884775
2750,110,142.311548,140.792172
2751,110.04,141.913202,140.575767
2752,110.08,141.570183,140.424949
2753,110.12,141.336223,140.232537
2754,110.16,141.087013,140.1738
2755,110.2,141.011009,140.002354
2756,110.24,140.975112,139.921507
2757,110.28,140.977586,139.878257
2758,110.32,141.069638,139.965797
2759,110.36,141.260898,139.961543
2760,110.4,141.417387,140.127414
2761,110.44,141.609953,140.198808
2762,110.48,141.694187,140.324962
2763,110.52,141.746904,140.42107
2764,110.56,141.623846,140.592812
2765,110.6,141.38462,140.642163
2766,110.64,140.916546,140.740942
2767,110.68,140.281047,140.761256
2768,110.72,139.529974,140.807353
2769,110.76,138.618256,140.881151
2770,110.8,137.593423,140.97645
2771,110.84,136.316478,140.862469
2772,110.88,134.873096,140.748508
2773,110.92,133.434232,140.526714
2774,110.96,131.901607,140.456348
2775,111,130.503364,140.372773
2776,111.04,129.284719,140.397171
2777,111.08,128.143177,140.482913
2778,111.12,127.203451,140.616576
2779,111.16,126.350627,140.715908
2780,111.2,125.760741,140.939686
2781,111.24,125.086429,141.11953
2782,111.28,124.547254,141.401539
2783,111.32,124.081827,141.639792
2784,111.36,123.704926,141.911176
2785,111.4,123.357256,142.091228
2786,111.44,123.202278,142.383488
2787,111.48,123.052025,142.62725
2788,111.52,122.974679,142.936901
2789,111.56,122.752818,143.176167
2790,111.6,122.750599,143.513536
2791,111.64,122.670126,143.680996
2792,111.68,122.669664,143.954919
2793,111.72,122.603624,144.090344
2794,111.76,122.497743,144.222967
2795,111.8,122.317216,144.112305
2796,111.84,122.190369,143.995746
2797,111.88,121.926869,143.633232
2798,111.92,121.88259,143.381245
2799,111.96,121.741178,143.105443
2800,112,121.735584,142.937448
2801,112.04,121.672176,142.751665
2802,112.08,121.730632,142.710628
2803,112.12,121.771516,142.693133
2804,112.16,121.913895,142.689736
2805,112.2,122.07041,142.723584
2806,112.24,122.259757,142.855137
2807,112.28,122.372553,142.930247
2808,112.32,122.650708,142.985042
2809,112.36,122.678735,142.969715
2810,112.4,123.032599,143.018947
2811,112.44,123.133894,143.027216
2812,112.48,123.426377,142.960907
2813,112.52,123.666164,142.91584
2814,112.56,124.125727,142.915641
2815,112.6,124.513471,142.823802
2816,112.64,125.02251,142.71424
2817,112.68,125.566637,142.478653
2818,112.72,126.281424,142.286242
2819,112.76,127.107719,142.096176
2820,112.8,128.168209,141.935989
2821,112.84,129.138145,141.712029
2822,112.88,130.241739,141.549323
2823,112.92,131.415106,141.224994
2824,112.96,132.710947,141.017459
2825,113,134.079539,140.911806
2826,113.04,135.463144,140.982944
2827,113.08,136.832628,141.051797
2828,113.12,138.154141,141.231664
2829,113.16,139.274993,141.340504
2830,113.2,140.281176,141.526283
2831,113.24,141.153825,141.580283
2832,113.28,141.834534,141.705072
2833,113.32,142.395518,141.716105
2834,113.36,142.843096,141.784427
2835,113.4,143.105001,141.769221
2836,113.44,143.224776,141.770177
2837,113.48,143.230718,141.679007
2838,113.52,143.116731,141.619279
2839,113.56,142.964931,141.446002
2840,113.6,142.737259,141.302755
2841,113.64,142.464448,141.080026
2842,113.68,142.204948,140.892632
2843,113.72,142.007676,140.702738
2844,113.76,141.945887,140.631451
2845,113.8,141.984476,140.522943
2846,113.84,142.071359,140.494991
2847,113.88,142.213309,140.460335
2848,113.92,142.327678,140.470793
2849,113.96,142.445404,140.493525
2850,114,142.496776,140.631108
2851,114.04,142.490598,140.656372
2852,114.08,142.453446,140.716764
2853,114.12,142.385561,140.796189
2854,114.16,142.127961,140.938619
2855,114.2,141.752797,140.968678
2856,114.24,141.20685,141.034098
2857,114.28,140.589544,140.954353
2858,114.32,139.825395,140.955047
2859,114.36,138.951808,140.968547
2860,114.4,138.005994,140.91839
2861,114.44,136.944624,140.754606
2862,114.48,135.805837,140.684108
2863,114.52,134.627144,140.608728
2864,114.56,133.460387,140.594112
2865,114.6,132.284042,140.559631
2866,114.64,131.13778,140.583761
2867,114.68,130.142574,140.597572
2868,114.72,129.442144,140.71178
2869,114.76,128.769726,140.712685
2870,114.8,128.382126,140.955056
2871,114.84,127.924589,141.21831
2872,114.88,127.469612,141.478107
2873,114.92,126.991331,141.756071
2874,114.96,126.523298,142.053312
2875,115,125.916478,142.253652
2876,115.04,125.570864,142.551302
2877,115.08,125.045004,142.684004
2878,115.12,124.6214,142.907504
2879,115.16,124.110639,143.033043
2880,115.2,123.655779,143.285124
2881,115.24,123.090826,143.386962
2882,115.28,122.658658,143.556483
2883,115.32,122.154751,143.567141
2884,115.36,121.928292,143.465082
2885,115.4,121.670437,143.312154
2886,115.44,121.734654,143.235107
2887,115.48,121.70202,143.008048
2888,115.52,121.906277,142.892946
2889,115.56,122.016828,142.725216
2890,115.6,122.276862,142.681773
2891,115.64,122.484012,142.620238
2892,115.68,122.812864,142.671774
2893,115.72,122.987779,142.618162
2894,115.76,123.357522,142.759206
2895,115.8,123.619468,142.795243
2896,115.84,124.053287,142.885657
2897,115.88,124.306028,142.906189
2898,115.92,124.743645,142.976999
2899,115.96,125.140105,142.925866
2900,116,125.705937,142.942162
2901,116.04,126.242219,142.891396
2902,116.08,126.86438,142.781434
2903,116.12,127.501772,142.563792
2904,116.16,128.377752,142.298898
2905,116.2,129.100612,141.98965
2906,116.24,129.921353,141.753287
2907,116.28,130.787849,141.479579
2908,116.32,131.746626,141.226783
2909,116.36,132.69881,140.908924
2910,116.4,133.852481,140.78562
2911,116.44,135.077056,140.654867
2912,116.48,136.292441,140.657648
2913,116.52,137.460007,140.640087
2914,116.56,138.614305,140.73813
2915,116.6,139.688543,140.749052
2916,116.64,140.633768,140.834915
2917,116.68,141.445633,140.846973
2918,116.72,142.199169,140.947343
2919,116.76,142.85109,140.979249
2920,116.8,143.401557,141.059158
2921,116.84,143.760594,141.091149
2922,116.88,143.896686,141.188499
2923,116.92,143.941207,141.14866
2924,116.96,143.792562,141.143002
2925,117,143.546465,141.056419
2926,117.04,143.107653,140.984308
2927,117.08,142.642651,140.754674
2928,117.12,142.245855,140.61754
2929,117.16,141.768212,140.399054
2930,117.2,141.45938,140.273906
2931,117.24,141.285294,140.163418
2932,117.28,141.221142,140.103778
2933,117.32,141.171445,139.988004
2934,117.36,141.17202,140.034017
2935,117.4,141.206231,139.991644
2936,117.44,141.220589,140.02563
2937,117.48,141.260645,140.057131
2938,117.52,141.191391,140.184183
2939,117.56,141.016541,140.231921
2940,117.6,140.689969,140.322546
2941,117.64,140.176009,140.304543
2942,117.68,139.538104,140.335919
2943,117.72,138.836687,140.366452
2944,117.76,137.989252,140.380417
2945,117.8,136.994689,140.382138
2946,117.84,135.820925,140.442739
2947,117.88,134.578999,140.349137
2948,117.92,133.281144,140.300483
2949,117.96,131.935748,140.263951
2950,118,130.68647,140.40642
2951,118.04,129.566455,140.554973
2952,118.08,128.400562,140.759735
2953,118.12,127.329512,140.833297
2954,118.16,126.494911,140.995993
2955,118.2,125.668805,141.130329
2956,118.24,124.906416,141.254379
2957,118.28,124.244629,141.375162
2958,118.32,123.650483,141.582819
2959,118.36,122.969139,141.703161
2960,118.4,122.644588,141.975458
2961,118.44,122.213502,142.219353
2962,118.48,121.870142,142.518168
2963,118.52,121.554003,142.7346
2964,118.56,121.56779,143.034418
2965,118.6,121.373035,143.201167
2966,118.64,121.442976,143.497733
2967,118.68,121.408782,143.702385
2968,118.72,121.382561,143.875264
2969,118.76,121.299282,143.95088
2970,118.8,121.270664,143.96607
2971,118.84,121.169953,143.799887
2972,118.88,121.177167,143.520659
2973,118.92,121.080467,143.275687
2974,118.96,121.094736,143.063716
2975,119,120.972815,142.79627
2976,119.04,121.02692,142.615838
2977,119.08,120.985961,142.365992
2978,119.12,121.128067,142.2373
2979,119.16,121.101149,142.107744
2980,119.2,121.325678,142.089358
2981,119.24,121.586792,142.029755
2982,119.28,122.015856,142.094195
2983,119.32,122.375526,142.141146
2984,119.36,122.946927,142.185243
2985,119.4,123.394563,142.200317
2986,119.44,123.983795,142.30788
2987,119.48,124.590902,142.249352
2988,119.52,125.197258,142.234895
2989,119.56,125.70548,142.151573
2990,119.6,126.451879,142.105252
2991,119.64,127.130912,141.884106
2992,119.68,127.907735,141.608996
2993,119.72,128.684176,141.223812
2994,119.76,129.513626,140.909863
2995,119.8,130.342699,140.5321
2996,119.84,131.239258,140.159784
2997,119.88,132.394022,139.863832
2998,119.92,133.691089,139.548052
2999,119.96,135.098373,139.231554
3000,120,136.536286,139.127991
3001,120.04,138.015928,139.046562
3002,120.08,139.399994,139.08797
3003,120.12,140.658049,139.10848
3004,120.16,141.934344,139.147212
3005,120.2,142.980669,139.199593
3006,120.24,143.816435,139.302665
3007,120.28,144.585154,139.348556
3008,120.32,145.16836,139.449665
3009,120.36,145.596586,139.522392
3010,120.4,145.815553,139.628119
3011,120.44,145.838476,139.567703
3012,120.48,145.744153,139.591542
3013,120.52,145.442953,139.469753
3014,120.56,145.033129,139.419583
3015,120.6,144.459581,139.310301
3016,120.64,143.681949,139.275761
3017,120.68,142.991979,139.111889
3018,120.72,142.301738,139.087851
3019,120.76,141.649408,138.991805
3020,120.8,141.198609,138.928072
3021,120.84,140.916855,138.808036
3022,120.88,140.764271,138.780217
3023,120.92,140.907785,138.700249
3024,120.96,141.080561,138.759452
3025,121,141.349042,138.792437
3026,121.04,141.546224,138.927382
3027,121.08,141.629765,138.986687
3028,121.12,141.478421,139.132676
3029,121.16,141.196596,139.240071
3030,121.2,140.623408,139.422718
3031,121.24,139.928575,139.490811
3032,121.28,139.114503,139.669457
3033,121.32,138.063884,139.741624
3034,121.36,136.803725,139.876824
3035,121.4,135.31282,139.866821
3036,121.44,133.700025,139.843135
3037,121.48,131.984439,139.748186
3038,121.52,130.431277,139.709603
3039,121.56,129.081599,139.705544
3040,121.6,127.803408,139.782438
3041,121.64,126.877399,139.820447
3042,121.68,125.829647,139.960695
3043,121.72,124.74068,140.075784
3044,121.76,123.791814,140.338164
3045,121.8,122.72175,140.620592
3046,121.84,121.617556,140.976596
3047,121.88,120.564292,141.365041
3048,121.92,119.627516,141.872989
3049,121.96,118.890196,142.311599
3050,122,118.313224,142.747718
3051,122.04,117.674373,143.117639
3052,122.08,117.213834,143.477195
3053,122.12,116.759374,143.688146
3054,122.16,116.300686,143.882136
3055,122.2,115.808319,143.927757
3056,122.24,115.411495,144.035166
3057,122.28,114.842545,143.973735
3058,122.32,114.391115,143.876686
3059,122.36,113.986169,143.522298
3060,122.4,113.940739,143.059225
3061,122.44,113.92211,142.541884
3062,122.48,114.085212,142.195604
3063,122.52,114.153877,141.972265
3064,122.56,114.293555,141.809978
3065,122.6,114.395081,141.725954
3066,122.64,114.611702,141.720233
3067,122.68,114.716395,141.774675
3068,122.72,114.83147,141.889072
3069,122.76,114.911482,141.976339
3070,122.8,115.185489,142.123001
3071,122.84,115.436129,142.171052
3072,122.88,116.002904,142.273272
3073,122.92,116.51004,142.2679
3074,122.96,117.285636,142.304043
3075,123,117.949678,142.253564
3076,123.04,118.703872,142.224595
3077,123.08,119.434211,142.132238
3078,123.12,120.273809,142.019004
3079,123.16,121.068653,141.901828
3080,123.2,121.861554,141.682551
3081,123.24,122.807203,141.35224
3082,123.28,123.969956,141.111
3083,123.32,125.060833,140.915248
3084,123.36,126.435676,140.853298
3085,123.4,127.753454,140.622514
3086,123.44,129.225169,140.456586
3087,123.48,130.729456,140.136531
3088,123.52,132.465201,139.838003
3089,123.56,134.220742,139.64376
3090,123.6,136.000142,139.668416
3091,123.64,137.762517,139.684006
3092,123.68,139.443072,139.927607
3093,123.72,141.020576,140.010464
3094,123.76,142.475153,140.211406
3095,123.8,143.870379,140.302601
3096,123.84,144.954641,140.492783
3097,123.88,145.961697,140.61239
3098,123.92,146.821784,140.774147
3099,123.96,147.552103,140.933911
3100,124,148.175052,141.042716
3101,124.04,148.560311,141.032325
3102,124.08,148.912646,141.102576
3103,124.12,149.090304,141.02015
3104,124.16,149.251262,140.996677
3105,124.2,149.332402,140.918983
3106,124.24,149.483583,140.859332
3107,124.28,149.622764,140.806484
3108,124.32,149.720002,140.844946
3109,124.36,149.862616,140.828756
3110,124.4,150.057772,140.865373
3111,124.44,150.240904,140.923401
3112,124.48,150.506733,141.02611
3113,124.52,150.648636,141.106075
3114,124.56,150.789454,141.206408
3115,124.6,150.800047,141.196195
3116,124.64,150.821896,141.238282
3117,124.68,150.758502,141.239395
3118,124.72,150.609313,141.324951
3119,124.76,150.400336,141.287351
3120,124.8,150.144502,141.351503
3121,124.84,149.877487,141.309709
3122,124.88,149.70063,141.346447
3123,124.92,149.46618,141.346636
3124,124.96,149.262184,141.358038
3125,125,149.109259,141.350398
3126,125.04,148.862981,141.379773
3127,125.08,148.555117,141.395644
3128,125.12,148.22892,141.447344
3129,125.16,147.987558,141.542297
3130,125.2,147.663689,141.686174
3131,125.24,147.401286,141.790229
3132,125.28,147.203521,141.867078
3133,125.32,147.004066,141.941289
3134,125.36,146.85916,142.03298
3135,125.4,146.801008,142.160278
3136,125.44,146.769657,142.316381
3137,125.48,146.731195,142.400922
3138,125.52,146.733573,142.591196
3139,125.56,146.720672,142.63568
3140,125.6,146.719186,142.697777
3141,125.64,146.631087,142.693216
3142,125.68,146.477688,142.724254
3143,125.72,146.179615,142.692343
3144,125.76,145.819135,142.662734
3145,125.8,145.374713,142.570489
3146,125.84,144.835455,142.464986
3147,125.88,144.226479,142.280702
3148,125.92,143.580823,142.056012
3149,125.96,143.001056,141.743015
3150,126,142.425123,141.589462
3151,126.04,141.904607,141.395557
3152,126.08,141.44763,141.213331
3153,126.12,141.065718,141.127548
3154,126.16,140.762451,141.111576
3155,126.2,140.64813,141.124092
3156,126.24,140.650756,141.224035
3157,126.28,140.66824,141.250426
3158,126.32,140.844969,141.284312
3159,126.36,140.972506,141.334703
3160,126.4,141.091927,141.421773
3161,126.44,141.312954,141.466941
3162,126.48,141.467369,141.549338
3163,126.52,141.705406,141.565942
3164,126.56,141.979993,141.599344
3165,126.6,142.291822,141.590186
3166,126.64,142.674496,141.613329
3167,126.68,142.993919,141.538465
3168,126.72,143.343776,141.500666
3169,126.76,143.751526,141.392074
3170,126.8,144.146792,141.385281
3171,126.84,144.654566,141.426457
3172,126.88,145.304198,141.423492
3173,126.92,146.046804,141.5114
3174,126.96,146.838094,141.632526
3175,127,147.64245,141.615633
3176,127.04,148.512774,141.710889
3177,127.08,149.239195,141.784045
3178,127.12,149.944337,141.84119
3179,127.16,150.482028,141.833341
3180,127.2,150.88004,141.896874
3181,127.24,151.080571,141.849642
3182,127.28,151.183175,141.820387
3183,127.32,150.966906,141.75635
3184,127.36,150.647615,141.70936
3185,127.4,150.253069,141.565954
3186,127.44,149.721586,141.528242
3187,127.48,149.075729,141.454552
3188,127.52,148.41475,141.390554
3189,127.56,147.688189,141.30584
3190,127.6,146.931637,141.261118
3191,127.64,146.114896,141.265024
3192,127.68,145.401319,141.290974
3193,127.72,144.681269,141.332156
3194,127.76,144.047146,141.416168
3195,127.8,143.475011,141.452096
3196,127.84,142.993501,141.474534
3197,127.88,142.585557,141.441275
3198,127.92,142.235498,141.39994
3199,127.96,142.092759,141.213166
3200,128,142.111854,141.062083
3201,128.04,142.207469,140.876378
3202,128.08,142.555296,140.729564
3203,128.12,143.019881,140.552378
3204,128.16,143.570229,140.529007
3205,128.2,144.206354,140.464474
3206,128.24,144.836622,140.520642
3207,128.28,145.58618,140.516768
3208,128.32,146.262855,140.589175
3209,128.36,146.894301,140.670745
3210,128.4,147.466082,140.80214
3211,128.44,148.065611,140.829119
3212,128.48,148.486807,140.988151
3213,128.52,148.84958,141.117234
3214,128.56,148.934676,141.359601
3215,128.6,148.867223,141.383143
3216,128.64,148.682809,141.446468
3217,128.68,148.31994,141.388922
3218,128.72,147.862207,141.365423
3219,128.76,147.335715,141.298193
3220,128.8,146.722218,141.235305
3221,128.84,146.075124,141.163254
3222,128.88,145.38819,141.103741
3223,128.92,144.635631,140.945748
3224,128.96,143.84667,140.725999
3225,129,143.004257,140.543716
3226,129.04,142.146281,140.378456
3227,129.08,141.257485,140.211294
3228,129.12,140.408037,140.222114
3229,129.16,139.669593,140.305648
3230,129.2,139.026253,140.491581
3231,129.24,138.361109,140.566049
3232,129.28,137.848614,140.676037
3233,129.32,137.527476,140.87202
3234,129.36,137.251236,141.141538
3235,129.4,136.941309,141.238835
3236,129.44,136.797575,141.38373
3237,129.48,136.561363,141.427984
3238,129.52,136.381777,141.472592
3239,129.56,136.120501,141.355358
3240,129.6,136.018824,141.323441
3241,129.64,135.875936,141.238939
3242,129.68,135.829356,141.224548
3243,129.72,135.769753,141.207503
3244,129.76,135.838759,141.196616
3245,129.8,135.782303,141.197933
3246,129.84,135.841838,141.182564
3247,129.88,135.855343,141.133882
3248,129.92,136.025611,141.149426
3249,129.96,136.168518,141.133321
3250,130,136.364082,141.249228
3251,130.04,136.512923,141.301669
3252,130.08,136.819728,141.374471
3253,130.12,137.081066,141.336944
3254,130.16,137.313943,141.348373
3255,130.2,137.570017,141.354465
3256,130.24,137.942077,141.310698
3257,130.28,138.214052,141.265121
3258,130.32,138.683468,141.221795
3259,130.36,139.271646,141.010133
3260,130.4,140.103016,140.911857
3261,130.44,141.163812,140.855859
3262,130.48,142.299664,140.952342
3263,130.52,143.632796,140.977326
3264,130.56,144.993582,141.122501
3265,130.6,146.34301,141.129816
3266,130.64,147.771187,141.216048
3267,130.68,149.229678,141.229443
3268,130.72,150.565182,141.273671
3269,130.76,151.625765,141.285257
3270,130.8,152.563354,141.321853
3271,130.84,153.373913,141.311749
3272,130.88,154.004654,141.308596
3273,130.92,154.552693,141.335682
3274,130.96,155.044709,141.373241
3275,131,155.358004,141.344278
3276,131.04,155.628829,141.37434
3277,131.08,155.727591,141.308318
3278,131.12,155.7458,141.312036
3279,131.16,155.713448,141.268912
3280,131.2,155.696609,141.18508
3281,131.24,155.563341,141.138464
3282,131.28,155.479493,141.126358
3283,131.32,155.42017,141.04088
3284,131.36,155.443384,141.038257
3285,131.4,155.426234,141.016502
3286,131.44,155.493409,141.058729
3287,131.48,155.475288,141.057321
3288,131.52,155.539397,141.109091
3289,131.56,155.482488,141.114748
3290,131.6,155.526134,141.140485
3291,131.64,155.466549,141.165813
3292,131.68,155.40792,141.192665
3293,131.72,155.183027,141.158139
3294,131.76,154.949174,141.173716
3295,131.8,154.549033,141.12265
3296,131.84,154.169464,141.11296
3297,131.88,153.58502,141.096845
3298,131.92,152.94169,141.102473
3299,131.96,152.255087,141.033147
3300,132,151.50294,140.975561
3301,132.04,150.686066,140.866896
3302,132.08,149.793345,140.835487
3303,132.12,148.781132,140.802791
3304,132.16,147.673084,140.85127
3305,132.2,146.520063,140.930358
3306,132.24,145.396851,141.136146
3307,132.28,144.330222,141.168151
3308,132.32,143.21335,141.385407
3309,132.36,142.068634,141.482631
3310,132.4,140.932009,141.625763
3311,132.44,139.885765,141.657592
3312,132.48,139.062873,141.739352
3313,132.52,138.288238,141.803023
3314,132.56,137.804827,141.990455
3315,132.6,137.399983,142.121049
3316,132.64,137.143042,142.301713
3317,132.68,136.950483,142.480715
3318,132.72,136.925635,142.677262
3319,132.76,136.905336,142.734043
3320,132.8,137.00351,142.873047
3321,132.84,136.994587,142.821393
3322,132.88,137.101077,142.736266
3323,132.92,137.154113,142.595843
3324,132.96,137.351897,142.497273
3325,133,137.493039,142.310553
3326,133.04,137.755732,142.226619
3327,133.08,138.038408,142.181818
3328,133.12,138.361084,142.199692
3329,133.16,138.547365,142.222605
3330,133.2,138.758534,142.388923
3331,133.24,138.950017,142.502947
3332,133.28,139.173756,142.741267
3333,133.32,139.368566,142.798764
3334,133.36,139.671016,142.761584
3335,133.4,139.985416,142.522327
3336,133.44,140.265234,142.3081
3337,133.48,140.566859,141.891499
3338,133.52,140.816332,141.666358
3339,133.56,141.013864,141.51743
3340,133.6,141.012921,141.449815
3341,133.64,140.953986,141.41256
3342,133.68,140.602618,141.409622
3343,133.72,140.115175,141.390758
3344,133.76,139.647829,141.430227
3345,133.8,139.193878,141.48096
3346,133.84,138.758151,141.58282
3347,133.88,138.369815,141.474624
3348,133.92,137.931499,141.467204
3349,133.96,137.454126,141.371399
3350,134,137.117376,141.181083
3351,134.04,136.621193,141.113291
3352,134.08,136.212188,141.102682
3353,134.12,135.698069,141.076824
3354,134.16,135.298981,141.118642
3355,134.2,134.915978,140.997484
3356,134.24,134.741298,140.857833
3357,134.28,134.551215,140.650572
3358,134.32,134.451826,140.452547
3359,134.36,134.223523,140.194761
3360,134.4,134.133131,140.130895
3361,134.44,133.857487,140.058843
3362,134.48,133.594715,140.159749
3363,134.52,133.018232,140.275405
3364,134.56,132.312182,140.504865
3365,134.6,131.524964,140.80933
3366,134.64,130.668546,141.254069
3367,134.68,129.654421,141.671652
3368,134.72,128.623592,142.219149
3369,134.76,127.27106,142.700093
3370,134.8,126.148993,143.233831
3371,134.84,125.183662,143.618465
3372,134.88,124.512809,143.80189
3373,134.92,123.95686,143.829301
3374,134.96,123.992948,143.816247
3375,135,123.90521,143.607947
3376,135.04,124.195942,143.393446
3377,135.08,124.394878,142.949776
3378,135.12,124.839281,142.570352
3379,135.16,125.306215,142.05863
3380,135.2,126.098236,141.853782
3381,135.24,126.830613,141.431634
3382,135.28,127.835487,141.276964
3383,135.32,128.673883,141.057452
3384,135.36,129.792727,140.972136
3385,135.4,130.873355,140.813672
3386,135.44,132.090515,140.816703
3387,135.48,133.35002,140.678805
3388,135.52,134.663342,140.433954
3389,135.56,135.907711,140.249983
3390,135.6,137.187499,140.201271
3391,135.64,138.3903,140.137418
3392,135.68,139.734583,140.246129
3393,135.72,140.949071,140.330945
3394,135.76,142.096444,140.566298
3395,135.8,143.157379,140.667018
3396,135.84,144.045583,140.81921
3397,135.88,144.677747,140.824654
3398,135.92,145.289729,140.859489
3399,135.96,145.719749,140.837393
3400,136,146.123645,140.767374
3401,136.04,146.27276,140.741088
3402,136.08,146.307503,140.697341
3403,136.12,146.238111,140.552937
3404,136.16,145.946376,140.470171
3405,136.2,145.579143,140.363346
3406,136.24,145.129111,140.3026
3407,136.28,144.514817,140.125036
3408,136.32,143.863301,140.06262
3409,136.36,143.060982,139.923294
3410,136.4,142.099295,139.806821
3411,136.44,140.983491,139.691103
3412,136.48,139.764741,139.621547
3413,136.52,138.338854,139.531895
3414,136.56,136.978176,139.555295
3415,136.6,135.710331,139.589073
3416,136.64,134.531047,139.84748
3417,136.68,133.431937,140.125555
3418,136.72,132.591888,140.338156
3419,136.76,131.868153,140.52609
3420,136.8,131.396962,140.839074
3421,136.84,130.94167,141.014727
3422,136.88,130.747979,141.25249
3423,136.92,130.485585,141.37762
3424,136.96,130.304406,141.518389
3425,137,130.002487,141.565753
3426,137.04,129.959732,141.65339
3427,137.08,129.936775,141.602245
3428,137.12,129.926813,141.593684
3429,137.16,129.958318,141.50858
3430,137.2,130.137632,141.384193
3431,137.24,130.316854,141.20854
3432,137.28,130.73505,141.057453
3433,137.32,131.170662,140.853336
3434,137.36,131.804062,140.721929
3435,137.4,132.500933,140.657123
3436,137.44,133.443216,140.621268
3437,137.48,134.309716,140.514927
3438,137.52,135.358851,140.372017
3439,137.56,136.417579,140.074573
3440,137.6,137.657655,139.939439
3441,137.64,138.79888,139.823908
3442,137.68,139.838869,139.878796
3443,137.72,140.68802,139.874496
3444,137.76,141.317658,139.891199
3445,137.8,141.792694,139.836607
3446,137.84,142.121815,139.854728
3447,137.88,142.281938,139.800398
3448,137.92,142.302927,139.800921
3449,137.96,142.307677,139.843538
3450,138,142.310633,139.972597
3451,138.04,142.285485,140.134249
3452,138.08,142.322793,140.355185
3453,138.12,142.243872,140.589693
3454,138.16,142.118191,140.903497
3455,138.2,141.992834,141.035983
3456,138.24,141.819929,141.212153
3457,138.28,141.613659,141.258132
3458,138.32,141.422663,141.261099
3459,138.36,141.203898,141.302958
3460,138.4,141.044164,141.366053
3461,138.44,140.76824,141.356869
3462,138.48,140.634541,141.409975
3463,138.52,140.510841,141.378023
3464,138.56,140.39672,141.44678
3465,138.6,140.320135,141.42666
3466,138.64,140.272874,141.430826
3467,138.68,140.251578,141.392584
3468,138.72,140.230535,141.371413
3469,138.76,140.188786,141.171803
3470,138.8,140.010597,140.804225
3471,138.84,139.798291,140.329422
3472,138.88,139.552919,139.719934
3473,138.92,139.28602,139.089353
3474,138.96,139.055818,138.61344
3475,139,139.031447,138.418381
3476,139.04,139.058075,138.544365
3477,139.08,139.027996,138.678164
3478,139.12,139.037921,138.817075
3479,139.16,138.947633,138.644593
3480,139.2,138.892459,138.378783
3481,139.24,138.809094,138.000454
3482,139.28,138.815219,137.792331
3483,139.32,138.720053,137.770009
3484,139.36,138.762995,138.112706
3485,139.4,138.770125,138.481033
3486,139.44,138.82949,138.882121
3487,139.48,138.900886,138.808753
3488,139.52,138.910287,138.468106
3489,139.56,139.01045,137.945679
3490,139.6,139.142103,137.743696
3491,139.64,139.306977,137.724976
3492,139.68,139.372437,138.184752
3493,139.72,139.42812,138.529153
3494,139.76,139.47536,138.621793
3495,139.8,139.4928,138.247967
3496,139.84,139.622954,137.791688
3497,139.88,139.644206,137.448749
3498,139.92,139.744108,137.522813
3499,139.96,139.883895,137.896371
3500,140,140.041697,138.558305
3501,140.04,140.150774,138.948247
3502,140.08,140.275649,138.937219
3503,140.12,140.364165,138.603106
3504,140.16,140.445175,138.417692
3505,140.2,140.52865,138.384131
3506,140.24,140.693238,138.539493
3507,140.28,140.884946,138.780488
3508,140.32,141.060764,139.053304
3509,140.36,141.325408,139.105174
3510,140.4,141.457254,139.054594
3511,140.44,141.577728,138.872844
3512,140.48,141.623278,138.815383
3513,140.52,141.671614,138.834767
3514,140.56,141.832313,138.975032
3515,140.6,141.89828,138.926815
3516,140.64,141.937311,138.876789
3517,140.68,141.957685,138.59551
3518,140.72,141.999577,138.293651
3519,140.76,142.067713,137.866145
3520,140.8,142.060087,137.538586
3521,140.84,142.104292,137.242777
3522,140.88,142.14802,137.21524
3523,140.92,142.210669,137.209536
3524,140.96,142.287166,137.400436
3525,141,142.403854,137.585831
3526,141.04,142.601949,137.994455
3527,141.08,142.696184,138.273882
3528,141.12,142.788993,138.746453
3529,141.16,142.902921,139.15033
3530,141.2,143.041434,139.631328
3531,141.24,143.161997,140.093826
3532,141.28,143.274953,140.563762
3533,141.32,143.140958,140.90242
3534,141.36,142.920938,141.262485
3535,141.4,142.587967,141.46677
3536,141.44,142.260851,141.689133
3537,141.48,141.83828,141.755751
3538,141.52,141.450728,141.859877
3539,141.56,141.106234,141.812441
3540,141.6,140.750181,141.819885
3541,141.64,140.476207,141.731824
3542,141.68,140.347963,141.685797
3543,141.72,140.332383,141.652456
3544,141.76,140.394,141.609687
3545,141.8,140.535401,141.499857
3546,141.84,140.83928,141.446678
3547,141.88,141.148446,141.283715
3548,141.92,141.541176,141.213096
3549,141.96,141.900887,141.175774
3550,142,142.361613,141.223958
3551,142.04,142.546532,141.215986
3552,142.08,142.888107,141.254521
3553,142.12,143.128981,141.239885
3554,142.16,143.365116,141.258913
3555,142.2,143.542256,141.231814
3556,142.24,143.697666,141.236202
3557,142.28,143.798405,141.223232
3558,142.32,143.848718,141.267922
3559,142.36,143.837811,141.245169
3560,142.4,143.716212,141.213313
3561,142.44,143.548703,141.174352
3562,142.48,143.269294,141.078887
3563,142.52,142.964699,140.876199
3564,142.56,142.574944,140.763381
3565,142.6,142.228292,140.486849
3566,142.64,141.692368,140.279323
3567,142.68,141.139836,140.106435
3568,142.72,140.430775,140.042158
3569,142.76,139.510623,140.01041
3570,142.8,138.808113,140.149864
3571,142.84,138.065377,140.286048
3572,142.88,137.49109,140.680722
3573,142.92,136.797823,140.954817
3574,142.96,136.022941,141.237201
3575,143,135.475629,141.517387
3576,143.04,134.987805,141.860916
3577,143.08,134.51473,142.077638
3578,143.12,134.176519,142.340206
3579,143.16,133.771502,142.523401
3580,143.2,133.424378,142.634679
3581,143.24,133.13062,142.738755
3582,143.28,132.87144,142.889403
3583,143.32,132.584086,142.892624
3584,143.36,132.472087,142.923472
3585,143.4,132.349674,142.915026
3586,143.44,132.296637,142.886334
3587,143.48,132.239269,142.809354
3588,143.52,132.272055,142.703088
3589,143.56,132.216436,142.454977
3590,143.6,132.323207,142.210338
3591,143.64,132.326463,141.984988
3592,143.68,132.447996,141.87049
3593,143.72,132.461825,141.755539
3594,143.76,132.567078,141.764457
3595,143.8,132.621256,141.781002
3596,143.84,132.718862,141.861544
3597,143.88,132.686376,141.904982
3598,143.92,132.801016,141.966673
3599,143.96,132.800066,141.929945
3600,144,132.801492,141.909048
3601,144.04,132.795538,141.802939
3602,144.08,132.799989,141.671879
3603,144.12,132.748177,141.640898
3604,144.16,132.786779,141.460744
3605,144.2,132.873422,141.275375
3606,144.24,133.036607,141.037008
3607,144.28,133.264414,140.683304
3608,144.32,133.590448,140.216242
3609,144.36,134.042075,139.691045
3610,144.4,134.653274,139.217731
3611,144.44,135.368701,138.799393
3612,144.48,136.280084,138.400605
3613,144.52,137.299125,137.965065
3614,144.56,138.416738,137.536568
3615,144.6,139.748594,137.360294
3616,144.64,141.237732,137.26146
3617,144.68,142.777676,137.236932
3618,144.72,144.209994,137.271474
3619,144.76,145.587234,137.312386
3620,144.8,146.623456,137.432989
3621,144.84,147.399593,137.472778
3622,144.88,147.969657,137.587516
3623,144.92,148.372298,137.664193
3624,144.96,148.634428,137.667898
3625,145,148.808601,137.675178
3626,145.04,148.836497,137.667971
3627,145.08,148.809099,137.651624
3628,145.12,148.74257,137.576492
3629,145.16,148.577256,137.453109
3630,145.2,148.364919,137.311786
3631,145.24,148.149535,137.141239
3632,145.28,147.919379,136.92832
3633,145.32,147.857605,136.729237
3634,145.36,147.961961,136.555849
3635,145.4,148.227966,136.431392
3636,145.44,148.622507,136.350095
3637,145.48,149.051894,136.31724
3638,145.52,149.345582,136.263059
3639,145.56,149.577782,136.204814
3640,145.6,149.708529,136.196575
3641,145.64,149.738458,136.19405
3642,145.68,149.728859,136.225648
3643,145.72,149.644213,136.268749
3644,145.76,149.376693,136.282057
3645,145.8,149.114949,136.319474
3646,145.84,148.677879,136.50139
3647,145.88,148.087259,136.529068
3648,145.92,147.373822,136.577266
3649,145.96,146.629414,136.578849
3650,146,145.689929,136.580024
3651,146.04,144.529523,136.602022
3652,146.08,143.263837,136.529802
3653,146.12,141.930795,136.349672
3654,146.16,140.661581,136.353489
3655,146.2,139.352916,136.287876
3656,146.24,138.14723,136.274189
3657,146.28,137.011541,136.304775
3658,146.32,135.99901,136.467146
3659,146.36,135.028645,136.654689
3660,146.4,134.24467,136.921286
3661,146.44,133.362637,137.107412
3662,146.48,132.54708,137.344116
3663,146.52,131.776069,137.514952
3664,146.56,131.119697,137.763847
3665,146.6,130.316099,137.898208
3666,146.64,129.65787,138.080831
3667,146.68,128.868485,138.167712
3668,146.72,128.376836,138.389657
3669,146.76,127.689069,138.441694
3670,146.8,127.110277,138.613774
3671,146.84,126.591661,138.701819
3672,146.88,126.010644,138.932609
3673,146.92,125.393233,139.07023
3674,146.96,124.682078,139.281855
3675,147,123.649346,139.406906
3676,147.04,122.603685,139.472454
3677,147.08,121.663219,139.370811
3678,147.12,121.187194,139.248563
3679,147.16,120.945927,138.98226
3680,147.2,121.047342,138.759225
3681,147.24,121.3405,138.527372
3682,147.28,121.765578,138.435652
3683,147.32,122.032756,138.304998
3684,147.36,122.524879,138.358386
3685,147.4,122.643189,138.388731
3686,147.44,122.929054,138.581509
3687,147.48,122.954293,138.657127
3688,147.52,123.091261,138.722297
3689,147.56,123.068638,138.728908
3690,147.6,123.262126,138.875916
3691,147.64,123.24426,138.882838
3692,147.68,123.59958,138.928952
3693,147.72,123.722518,138.949284
3694,147.76,124.141675,139.027098
3695,147.8,124.424342,138.988615
3696,147.84,125.049031,139.025535
3697,147.88,125.531039,138.832691
3698,147.92,126.2721,138.617716
3699,147.96,127.047952,138.336038
3700,148,127.995035,138.212361
3701,148.04,128.894941,137.964034
3702,148.08,130.125967,137.91372
3703,148.12,131.303925,137.770391
3704,148.16,132.617806,137.683989
3705,148.2,133.798366,137.446598
3706,148.24,135.130877,137.415228
3707,148.28,136.496213,137.299519
3708,148.32,137.765919,137.365172
3709,148.36,139.024106,137.318362
3710,148.4,140.137887,137.322116
3711,148.44,141.152572,137.340209
3712,148.48,141.995891,137.426016
3713,148.52,142.746654,137.441989
3714,148.56,143.42185,137.569871
3715,148.6,144.093968,137.562217
3716,148.64,144.485714,137.596922
3717,148.68,144.869837,137.604648
3718,148.72,145.200711,137.623154
3719,148.76,145.338073,137.500557
3720,148.8,145.362692,137.480501
3721,148.84,145.350076,137.330432
3722,148.88,145.310198,137.156622
3723,148.92,145.337474,137.063189
3724,148.96,145.558013,137.017743
3725,149,145.701867,136.997814
3726,149.04,145.990369,136.941557
3727,149.08,146.210092,136.771758
3728,149.12,146.388691,136.712548
3729,149.16,146.530375,136.687446
3730,149.2,146.647884,136.773603
3731,149.24,146.636084,136.812138
3732,149.28,146.640764,136.896386
3733,149.32,146.589837,136.949057
3734,149.36,146.487484,137.12462
3735,149.4,146.315664,137.255682
3736,149.44,145.994138,137.382759
3737,149.48,145.610244,137.472645
3738,149.52,145.025074,137.55832
3739,149.56,144.246499,137.557384
3740,149.6,143.310124,137.617113
3741,149.64,142.100946,137.65455
3742,149.68,140.676782,137.812274
3743,149.72,139.132477,137.981139
3744,149.76,137.800718,138.367642
3745,149.8,136.4878,138.741621
3746,149.84,135.303735,139.254172
3747,149.88,134.169704,139.847444
3748,149.92,133.130901,140.545756
3749,149.96,132.257586,141.187536
3750,150,131.510254,142.08099
3751,150.04,130.757506,142.669634
3752,150.08,130.287707,143.07421
3753,150.12,129.728568,143.209579
3754,150.16,129.193501,143.28521
3755,150.2,128.622612,143.324079
3756,150.24,128.169987,143.417582
3757,150.28,127.712477,143.472074
3758,150.32,127.475106,143.590364
3759,150.36,127.22453,143.615048
3760,150.4,127.166342,143.629675
3761,150.44,127.031732,143.578183
3762,150.48,127.019125,143.539664
3763,150.52,126.8407,143.422619
3764,150.56,126.777733,143.344384
3765,150.6,126.595211,143.212187
3766,150.64,126.589455,143.001177
3767,150.68,126.510984,142.725295
3768,150.72,126.659734,142.420582
3769,150.76,126.722438,141.994548
3770,150.8,127.001211,141.624181
3771,150.84,127.27913,141.260174
3772,150.88,127.615288,140.914201
3773,150.92,128.018369,140.567084
3774,150.96,128.613575,140.464921
3775,151,129.178394,140.243582
3776,151.04,129.932935,140.207411
3777,151.08,130.64916,140.037002
3778,151.12,131.510639,139.971669
3779,151.16,132.314,139.851238
3780,151.2,133.18379,139.824212
3781,151.24,133.913923,139.615929
3782,151.28,134.662022,139.579499
3783,151.32,135.484803,139.385244
3784,151.36,136.336149,139.220037
3785,151.4,137.299817,139.0852
3786,151.44,138.372227,139.026175
3787,151.48,139.609622,138.894532
3788,151.52,140.515071,138.876925
3789,151.56,141.358067,138.77047
3790,151.6,142.130205,138.690303
3791,151.64,142.576901,138.445196
3792,151.68,143.051951,138.399744
3793,151.72,143.310795,138.210888
3794,151.76,143.638925,138.049507
3795,151.8,143.775685,137.911629
3796,151.84,143.936244,137.845227
3797,151.88,144.160284,137.78423
3798,151.92,144.19556,137.804136
3799,151.96,144.178778,137.77309
3800,152,144.013425,137.81911
3801,152.04,143.649348,137.83249
3802,152.08,143.20447,137.982425
3803,152.12,142.712053,138.039786
3804,152.16,142.168238,138.168229
3805,152.2,141.612979,138.274365
3806,152.24,141.08143,138.521281
3807,152.28,140.495756,138.668607
3808,152.32,139.919841,138.922469
3809,152.36,139.559424,139.060073
3810,152.4,139.143733,139.222934
3811,152.44,138.858881,139.170379
3812,152.48,138.633931,139.203477
3813,152.52,138.521708,139.164119
3814,152.56,138.377651,139.123177
3815,152.6,138.281833,138.990418
3816,152.64,138.264541,138.9497
3817,152.68,138.318702,138.790141
3818,152.72,138.425563,138.69227
3819,152.76,138.640136,138.740928
3820,152.8,138.998783,138.782252
3821,152.84,139.37866,138.572683
3822,152.88,139.857393,138.509839
3823,152.92,140.298651,138.367831
3824,152.96,140.695909,138.340779
3825,153,141.120064,138.281528
3826,153.04,141.542886,138.364415
3827,153.08,141.959246,138.359549
3828,153.12,142.307705,138.511729
3829,153.16,142.63005,138.581039
3830,153.2,142.923001,138.757975
3831,153.24,143.171429,138.852954
3832,153.28,143.316231,138.858031
3833,153.32,143.448511,138.765911
3834,153.36,143.535194,138.708248
3835,153.4,143.52556,138.504297
3836,153.44,143.525576,138.405992
3837,153.48,143.496078,138.368596
3838,153.52,143.441166,138.406959
3839,153.56,143.338977,138.409391
3840,153.6,143.180621,138.467574
3841,153.64,142.943762,138.332242
3842,153.68,142.645869,138.208547
3843,153.72,142.282724,138.060842
3844,153.76,141.997901,138.047537
3845,153.8,141.723831,138.063669
3846,153.84,141.610184,138.107569
3847,153.88,141.501496,138.146991
3848,153.92,141.42447,138.13922
3849,153.96,141.339766,138.223645
3850,154,141.289664,138.334198
3851,154.04,141.251163,138.397716
3852,154.08,141.235067,138.49324
3853,154.12,141.178095,138.57658
3854,154.16,141.040161,138.642856
3855,154.2,140.948896,138.656937
3856,154.24,140.831916,138.652605
3857,154.28,140.579721,138.569935
3858,154.32,140.479321,138.556585
3859,154.36,140.313602,138.45274
3860,154.4,140.243159,138.458932
3861,154.44,140.123873,138.431496
3862,154.48,140.065553,138.528712
3863,154.52,140.033576,138.553742
3864,154.56,140.027015,138.642125
3865,154.6,140.0406,138.608976
3866,154.64,140.168779,138.559909
3867,154.68,140.244528,138.379325
3868,154.72,140.403232,138.290726
3869,154.76,140.524315,138.284832
3870,154.8,140.626836,138.294217
3871,154.84,140.771367,138.203592
3872,154.88,140.989869,138.267693
3873,154.92,141.074348,138.271524
3874,154.96,141.189013,138.347472
3875,155,141.434965,138.440084
3876,155.04,141.545562,138.636848
3877,155.08,141.691854,138.741114
3878,155.12,141.884927,138.844329
3879,155.16,141.900155,138.786306
3880,155.2,141.955187,138.686576
3881,155.24,141.941765,138.479084
3882,155.28,141.988992,138.448049
3883,155.32,142.019614,138.367322
3884,155.36,142.056651,138.346673
3885,155.4,142.078014,138.318113
3886,155.44,142.043606,138.349181
3887,155.48,141.872284,138.233483
3888,155.52,141.842901,138.206439
3889,155.56,141.804675,138.151797
3890,155.6,141.75862,138.238527
3891,155.64,141.722702,138.244813
3892,155.68,141.719423,138.298914
3893,155.72,141.70486,138.274615
3894,155.76,141.762167,138.382438
3895,155.8,141.768049,138.397141
3896,155.84,141.806237,138.420137
3897,155.88,141.793443,138.481335
3898,155.92,141.766773,138.636826
3899,155.96,141.704082,138.67961
3900,156,141.692561,138.738679
3901,156.04,141.563358,138.64856
3902,156.08,141.528913,138.600412
3903,156.12,141.366218,138.504841
3904,156.16,141.318341,138.513562
3905,156.2,141.276325,138.448182
3906,156.24,141.254805,138.500226
3907,156.28,141.22125,138.521059
3908,156.32,141.226343,138.55358
3909,156.36,141.191249,138.608968
3910,156.4,141.134192,138.549725
3911,156.44,141.085161,138.393539
3912,156.48,141.066141,138.402359
3913,156.52,141.029607,138.371374
3914,156.56,141.029456,138.390671
3915,156.6,141.011355,138.369745
3916,156.64,141.124467,138.418836
3917,156.68,141.106858,138.391579
3918,156.72,141.226506,138.47762
3919,156.76,141.298412,138.554638
3920,156.8,141.376017,138.686138
3921,156.84,141.43244,138.830999
3922,156.88,141.55803,138.937439
3923,156.92,141.591017,138.806269
3924,156.96,141.644126,138.74059
3925,157,141.692928,138.566222
3926,157.04,141.720005,138.407605
3927,157.08,141.797498,138.32697
3928,157.12,141.857717,138.29038
3929,157.16,141.873104,138.245676
3930,157.2,141.895037,138.299848
3931,157.24,141.839734,138.283949
3932,157.28,141.806784,138.24407
3933,157.32,141.710142,138.149391
3934,157.36,141.595279,138.144011
3935,157.4,141.484358,138.078934
3936,157.44,141.463713,138.112251
3937,157.48,141.361794,138.056865
3938,157.52,141.368507,138.076942
3939,157.56,141.27615,138.086653
3940,157.6,141.272383,138.165869
3941,157.64,141.223909,138.291893
3942,157.68,141.264256,138.474614
3943,157.72,141.264871,138.59386
3944,157.76,141.270579,138.922289
3945,157.8,141.149571,139.066036
3946,157.84,140.664014,138.955486
3947,157.88,139.90739,138.529723
3948,157.92,138.968944,138.19591
3949,157.96,138.080114,137.774101
3950,158,137.42348,137.493361
3951,158.04,136.915366,137.330666
3952,158.08,136.767219,137.325665
3953,158.12,136.745256,137.437635
3954,158.16,136.857165,137.643054
3955,158.2,137.129511,137.839865
3956,158.24,137.523452,137.975711
3957,158.28,137.936653,137.983023
3958,158.32,138.279895,138.102835
3959,158.36,138.58831,138.207245
3960,158.4,138.925757,138.484793
3961,158.44,139.173773,138.617662
3962,158.48,139.42524,138.852529
3963,158.52,139.396538,139.106405
3964,158.56,139.403578,139.389557
3965,158.6,139.14505,139.519826
3966,158.64,138.779348,139.46982
3967,158.68,138.371414,139.133608
3968,158.72,138.011499,138.728262
3969,158.76,137.696672,138.262163
3970,158.8,137.430017,137.831406
3971,158.84,137.286844,137.410169
3972,158.88,137.346193,137.297704
3973,158.92,137.444907,137.172163
3974,158.96,137.481954,137.21261
3975,159,137.570203,137.221143
3976,159.04,137.628298,137.324923
3977,159.08,137.59196,137.328538
3978,159.12,137.572014,137.43814
3979,159.16,137.512353,137.533711
3980,159.2,137.512069,137.73217
3981,159.24,137.436591,137.823828
3982,159.28,137.344269,137.964064
3983,159.32,137.297762,138.094521
3984,159.36,137.317961,138.264699
3985,159.4,137.322114,138.39803
3986,159.44,137.350311,138.645546
3987,159.48,137.447823,138.753159
3988,159.52,137.543847,138.78567
3989,159.56,137.623181,138.611456
3990,159.6,137.737739,138.38063
3991,159.64,137.770487,137.895392
3992,159.68,137.706341,137.565366
3993,159.72,137.592455,137.226165
3994,159.76,137.566938,137.077726
3995,159.8,137.567021,136.922204
3996,159.84,137.576186,136.923928
3997,159.88,137.669525,136.915634
3998,159.92,137.832875,137.027081
3999,159.96,137.96519,137.131634
4000,160,138.165607,137.152819
4001,160.04,138.478816,137.067427
4002,160.08,138.608389,137.21829
4003,160.12,138.744635,137.324074
4004,160.16,138.962321,137.475216
4005,160.2,139.075662,137.586017
4006,160.24,139.302483,137.849576
4007,160.28,139.450795,138.022974
4008,160.32,139.603945,138.285896
4009,160.36,139.737526,138.378568
4010,160.4,139.925162,138.517885
4011,160.44,140.087421,138.443963
4012,160.48,140.198208,138.292967
4013,160.52,140.242918,138.056004
4014,160.56,140.399917,137.840449
4015,160.6,140.45292,137.564365
4016,160.64,140.481287,137.433042
4017,160.68,140.60583,137.389569
4018,160.72,140.723812,137.474616
4019,160.76,140.885043,137.526763
4020,160.8,140.996431,137.602341
4021,160.84,140.949812,137.515499
4022,160.88,140.978301,137.496701
4023,160.92,140.915878,137.427753
4024,160.96,140.863214,137.434057
4025,161,140.86146,137.413204
4026,161.04,140.857567,137.462745
4027,161.08,140.860535,137.472373
4028,161.12,140.893216,137.518082
4029,161.16,140.860998,137.532343
4030,161.2,140.851949,137.634496
4031,161.24,140.885414,137.750564
4032,161.28,140.835654,138.022155
4033,161.32,140.71894,138.132457
4034,161.36,140.679521,138.199048
4035,161.4,140.500622,138.12038
4036,161.44,140.366805,138.010248
4037,161.48,140.216082,137.813832
4038,161.52,140.233457,137.77831
4039,161.56,140.260798,137.71848
4040,161.6,140.266875,137.732028
4041,161.64,140.31003,137.733288
4042,161.68,140.404787,137.870514
4043,161.72,140.399,137.878721
4044,161.76,140.454995,137.865817
4045,161.8,140.441589,137.698548
4046,161.84,140.469955,137.621301
4047,161.88,140.453687,137.608711
4048,161.92,140.457182,137.575001
4049,161.96,140.45417,137.576101
4050,162,140.461536,137.58137
4051,162.04,140.514352,137.589564
4052,162.08,140.579353,137.654314
4053,162.12,140.713751,137.77546
4054,162.16,140.883815,138.052103
4055,162.2,140.987388,138.193849
4056,162.24,141.069927,138.263068
4057,162.28,141.164555,138.081997
4058,162.32,141.202125,138.038438
4059,162.36,141.260693,137.862737
4060,162.4,141.304712,137.76904
4061,162.44,141.377918,137.66879
4062,162.48,141.416889,137.688002
4063,162.52,141.433336,137.692815
4064,162.56,141.442766,137.718204
4065,162.6,141.445944,137.681558
4066,162.64,141.400096,137.615999
4067,162.68,141.411298,137.585454
4068,162.72,141.443929,137.647417
4069,162.76,141.43587,137.634905
4070,162.8,141.452988,137.652748
4071,162.84,141.475394,137.675455
4072,162.88,141.454069,137.715224
4073,162.92,141.437697,137.750482
4074,162.96,141.424715,137.871251
4075,163,141.34409,137.900181
4076,163.04,141.280203,138.058615
4077,163.08,141.160094,138.125319
4078,163.12,141.055712,138.198601
4079,163.16,140.904757,138.100842
4080,163.2,140.818548,138.040994
4081,163.24,140.706114,137.847226
4082,163.28,140.671778,137.774979
4083,163.32,140.585497,137.723847
4084,163.36,140.60553,137.750656
4085,163.4,140.613641,137.809434
4086,163.44,140.665788,137.923422
4087,163.48,140.658606,137.99646
4088,163.52,140.692047,137.966019
4089,163.56,140.714554,137.777407
4090,163.6,140.723527,137.752173
4091,163.64,140.702538,137.72719
4092,163.68,140.727861,137.754845
4093,163.72,140.727668,137.705953
4094,163.76,140.731137,137.72191
4095,163.8,140.773972,137.70924
4096,163.84,140.799731,137.770379
4097,163.88,140.801142,137.836427
4098,163.92,140.858646,138.060676
4099,163.96,140.855481,138.166852
4100,164,140.834212,138.379886
4101,164.04,140.866115,138.37625
4102,164.08,140.824359,138.347686
4103,164.12,140.797486,138.116677
4104,164.16,140.812013,138.035232
4105,164.2,140.780968,137.91077
4106,164.24,140.834701,137.88692
4107,164.28,140.81082,137.817602
4108,164.32,140.811237,137.82918
4109,164.36,140.785019,137.808872
4110,164.4,140.801062,137.839693
4111,164.44,140.741299,137.705989
4112,164.48,140.76313,137.68962
4113,164.52,140.735225,137.642391
4114,164.56,140.726323,137.743836
4115,164.6,140.678425,137.726058
4116,164.64,140.678947,137.748163
4117,164.68,140.570263,137.70131
4118,164.72,140.522233,137.783341
4119,164.76,140.466563,137.826084
4120,164.8,140.379867,137.984782
4121,164.84,140.310057,138.147762
4122,164.88,140.194681,138.310429
4123,164.92,140.088757,138.265229
4124,164.96,139.893219,138.233059
4125,165,139.727686,138.126055
4126,165.04,139.535712,138.10369
4127,165.08,139.203834,138.063135
4128,165.12,139.091422,138.10201
4129,165.16,139.016399,138.039891
4130,165.2,139.009001,138.036015
4131,165.24,138.959122,137.995443
4132,165.28,139.040282,137.942257
4133,165.32,139.231761,137.839347
4134,165.36,139.482361,137.722466
4135,165.4,139.773367,137.448689
4136,165.44,140.109731,137.305796
4137,165.48,140.519575,137.221151
4138,165.52,140.949549,137.177057
4139,165.56,141.319593,137.090441
4140,165.6,141.711577,137.037546
4141,165.64,142.155494,137.022571
4142,165.68,142.526866,137.058107
4143,165.72,142.957518,137.07901
4144,165.76,143.467567,137.248584
4145,165.8,144.111853,137.366071
4146,165.84,144.823794,137.49923
4147,165.88,145.521476,137.512583
4148,165.92,146.183093,137.620647
4149,165.96,146.708035,137.607052
4150,166,147.032659,137.752387
4151,166.04,147.135739,137.778276
4152,166.08,147.130906,137.87189
4153,166.12,147.02082,137.893046
4154,166.16,146.663537,137.919855
4155,166.2,146.195605,137.944373
4156,166.24,145.620902,137.963305
4157,166.28,144.884792,137.922361
4158,166.32,144.094249,137.974883
4159,166.36,143.228347,137.974621
4160,166.4,142.31058,138.019607
4161,166.44,141.378535,138.079975
4162,166.48,140.495511,138.244154
4163,166.52,139.68456,138.397875
4164,166.56,139.066984,138.651957
4165,166.6,138.563211,138.902462
4166,166.64,138.259806,139.0938
4167,166.68,137.890211,139.14993
4168,166.72,137.618442,139.114116
4169,166.76,137.286283,138.909868
4170,166.8,136.982211,138.686281
4171,166.84,136.613642,138.375632
4172,166.88,136.281213,138.180152
4173,166.92,135.917698,138.0113
4174,166.96,135.813744,137.912824
4175,167,135.786624,137.889503
4176,167.04,135.982649,137.90186
4177,167.08,136.206835,137.773688
4178,167.12,136.546742,137.552701
4179,167.16,136.896108,137.346661
4180,167.2,137.331406,137.252554
4181,167.24,137.529638,137.149701
4182,167.28,137.889559,137.05668
4183,167.32,138.184825,136.884075
4184,167.36,138.476575,136.826078
4185,167.4,138.732496,136.796494
4186,167.44,138.935916,136.864843
4187,167.48,139.11607,136.883339
4188,167.52,139.239258,136.969348
4189,167.56,139.245577,136.974498
4190,167.6,139.245704,136.983307
4191,167.64,139.242638,136.902473
4192,167.68,139.211529,136.764972
4193,167.72,139.162666,136.59378
4194,167.76,139.157252,136.577941
4195,167.8,139.0539,136.457962
4196,167.84,138.968637,136.39395
4197,167.88,138.855601,136.388114
4198,167.92,138.911467,136.512207
4199,167.96,138.98047,136.49829
4200,168,139.009959,136.52985
4201,168.04,139.019105,136.579383
4202,168.08,139.073918,136.679694
4203,168.12,139.061518,136.698506
4204,168.16,139.019769,136.693597
4205,168.2,139.029874,136.739179
4206,168.24,138.983645,136.79538
4207,168.28,138.93158,136.794
4208,168.32,138.956573,136.813485
4209,168.36,138.940295,136.868364
4210,168.4,138.929965,137.078229
4211,168.44,138.935077,137.144443
4212,168.48,138.960595,137.198653
4213,168.52,138.948561,137.112895
4214,168.56,138.974037,137.052368
4215,168.6,138.965126,136.915808
4216,168.64,138.96088,136.846812
4217,168.68,138.952169,136.795436
4218,168.72,138.975572,136.812645
4219,168.76,138.979321,136.794236
4220,168.8,139.067975,136.888414
4221,168.84,139.143252,136.988037
4222,168.88,139.209724,137.011644
4223,168.92,139.315503,136.792593
4224,168.96,139.424708,136.637525
4225,169,139.48833,136.428731
4226,169.04,139.567442,136.407133
4227,169.08,139.659115,136.346603
4228,169.12,139.753344,136.27233
4229,169.16,139.862335,136.253281
4230,169.2,139.974712,136.285346
4231,169.24,140.126364,136.272582
4232,169.28,140.300147,136.480373
4233,169.32,140.43478,136.61082
4234,169.36,140.580717,136.75473
4235,169.4,140.723837,136.719754
4236,169.44,140.764422,136.659683
4237,169.48,140.834268,136.457607
4238,169.52,140.911846,136.341632
4239,169.56,140.929263,136.232966
4240,169.6,140.990668,136.214912
4241,169.64,141.042889,136.160433
4242,169.68,141.102002,136.210009
4243,169.72,141.096293,136.199792
4244,169.76,141.052876,136.179298
4245,169.8,140.920257,136.094158
4246,169.84,140.74825,136.083406
4247,169.88,140.56274,136.024493
4248,169.92,140.494969,136.099044
4249,169.96,140.359866,136.051162
4250,170,140.319563,136.087852
4251,170.04,140.1814,136.100038
4252,170.08,140.096772,136.151136
4253,170.12,140.065322,136.184321
4254,170.16,140.014876,136.279903
4255,170.2,139.98454,136.330016
4256,170.24,139.968368,136.580915
4257,170.28,139.97203,136.692069
4258,170.32,139.988088,136.73923
4259,170.36,140.032863,136.676524
4260,170.4,140.049704,136.664504
4261,170.44,140.090977,136.555741
4262,170.48,140.120387,136.539343
4263,170.52,140.124047,136.457844
4264,170.56,140.210245,136.42985
4265,170.6,140.180308,136.447448
4266,170.64,140.252172,136.517495
4267,170.68,140.352448,136.547838
4268,170.72,140.357327,136.422813
4269,170.76,140.39877,136.210788
4270,170.8,140.472827,136.16308
4271,170.84,140.466524,136.160544
4272,170.88,140.48942,136.179811
4273,170.92,140.548642,136.141592
4274,170.96,140.574755,136.123474
4275,171,140.603096,136.106334
4276,171.04,140.674469,136.204792
4277,171.08,140.698084,136.255396
4278,171.12,140.72654,136.492109
4279,171.16,140.68139,136.572103
4280,171.2,140.710843,136.704709
4281,171.24,140.687705,136.643759
4282,171.28,140.641223,136.631073
4283,171.32,140.604433,136.385203
4284,171.36,140.597016,136.300485
4285,171.4,140.601593,136.18694
4286,171.44,140.610045,136.173422
4287,171.48,140.634725,136.156906
4288,171.52,140.56764,136.181971
4289,171.56,140.534922,136.225281
4290,171.6,140.501294,136.220356
4291,171.64,140.433803,136.098287
4292,171.68,140.426039,136.1758
4293,171.72,140.351911,136.222342
4294,171.76,140.328746,136.318764
4295,171.8,140.085526,136.317589
4296,171.84,139.996877,136.406541
4297,171.88,139.866857,136.397172
4298,171.92,139.530461,136.46184
4299,171.96,139.42432,136.485804
4300,172,139.278448,136.520647
4301,172.04,139.111818,136.677528
4302,172.08,138.969211,136.941994
4303,172.12,138.882941,136.944612
4304,172.16,138.809473,136.956018
4305,172.2,138.656906,136.899405
4306,172.24,138.668066,136.808949
4307,172.28,138.652162,136.710981
4308,172.32,138.693975,136.683676
4309,172.36,138.752997,136.574826
4310,172.4,139.029331,136.498606
4311,172.44,139.312469,136.423016
4312,172.48,139.661194,136.342567
4313,172.52,140.02269,136.076767
4314,172.56,140.557232,135.80246
4315,172.6,141.027682,135.524976
4316,172.64,141.456555,135.409836
4317,172.68,141.973503,135.336953
4318,172.72,142.356361,135.271102
4319,172.76,142.67584,135.178895
4320,172.8,143.06036,135.181436
4321,172.84,143.373954,135.127228
4322,172.88,143.674344,135.280962
4323,172.92,143.939692,135.408875
4324,172.96,144.175801,135.490912
4325,173,144.45839,135.534833
4326,173.04,144.617531,135.487873
4327,173.08,144.789258,135.262995
4328,173.12,144.877685,135.08204
4329,173.16,145.004686,134.930343
4330,173.2,145.138607,134.911523
4331,173.24,145.302629,134.866473
4332,173.28,145.427224,134.922615
4333,173.32,145.539925,134.933058
4334,173.36,145.721326,135.058864
4335,173.4,145.901063,135.108853
4336,173.44,146.084869,135.203807
4337,173.48,146.329297,135.331377
4338,173.52,146.593514,135.559935
4339,173.56,146.692286,135.707953
4340,173.6,146.686396,135.904794
4341,173.64,146.58167,136.040154
4342,173.68,146.30501,136.228828
4343,173.72,146.021351,136.34334
4344,173.76,145.735152,136.445022
4345,173.8,145.391637,136.418902
4346,173.84,145.179739,136.422907
4347,173.88,144.812304,136.355235
4348,173.92,144.448288,136.224786
4349,173.96,143.993045,136.032155
4350,174,143.524343,135.941204
4351,174.04,142.987931,135.749541
4352,174.08,142.541108,135.653501
4353,174.12,142.171194,135.648114
4354,174.16,141.812929,135.762184
4355,174.2,141.606312,135.805108
4356,174.24,141.406332,135.767697
4357,174.28,141.208405,135.717741
4358,174.32,141.146085,135.723979
4359,174.36,140.895802,135.698517
4360,174.4,140.762107,135.683108
4361,174.44,140.635346,135.681592
4362,174.48,140.575877,135.714471
4363,174.52,140.540369,135.751925
4364,174.56,140.548974,135.781168
4365,174.6,140.521114,135.876202
4366,174.64,140.507953,136.062355
4367,174.68,140.551581,136.125851
4368,174.72,140.588905,136.147851
4369,174.76,140.664206,135.973628
4370,174.8,140.728193,135.897011
4371,174.84,140.805216,135.733731
4372,174.88,140.905219,135.678061
4373,174.92,140.950194,135.583215
4374,174.96,141.047279,135.581604
4375,175,141.128098,135.552694
4376,175.04,141.177396,135.607481
4377,175.08,141.221654,135.674014
4378,175.12,141.259701,135.679609
4379,175.16,141.167514,135.552719
4380,175.2,141.106464,135.600108
4381,175.24,140.924761,135.580991
4382,175.28,140.768145,135.654992
4383,175.32,140.610741,135.696554
4384,175.36,140.534491,135.724507
4385,175.4,140.493815,135.789849
4386,175.44,140.454823,135.880116
4387,175.48,140.424342,135.924252
4388,175.52,140.46314,136.001381
4389,175.56,140.467134,136.096462
4390,175.6,140.568687,136.298588
4391,175.64,140.624221,136.327849
4392,175.68,140.648243,136.340065
4393,175.72,140.779485,136.186342
4394,175.76,140.809134,136.1099
4395,175.8,140.964682,135.962043
4396,175.84,141.076258,135.90154
4397,175.88,141.173664,135.817018
4398,175.92,141.334498,135.839442
4399,175.96,141.403124,135.818346
4400,176,141.561306,135.82938
4401,176.04,141.6276,135.800793
4402,176.08,141.642721,135.778176
4403,176.12,141.697013,135.482312
4404,176.16,141.711029,135.458113
4405,176.2,141.727771,135.371028
4406,176.24,141.782168,135.379147
4407,176.28,141.828741,135.331045
4408,176.32,141.935676,135.402832
4409,176.36,141.930276,135.377253
4410,176.4,142.005195,135.478994
4411,176.44,142.08788,135.56125
4412,176.48,142.18096,135.728047
4413,176.52,142.266354,135.808974
4414,176.56,142.36297,135.940674
4415,176.6,142.423519,135.80208
4416,176.64,142.476215,135.727208
4417,176.68,142.578044,135.537641
4418,176.72,142.66182,135.394221
4419,176.76,142.735563,135.357888
4420,176.8,142.799308,135.380744
4421,176.84,142.879162,135.38838
4422,176.88,142.9063,135.467865
4423,176.92,142.848021,135.441232
4424,176.96,142.741523,135.404221
4425,177,142.570857,135.334609
4426,177.04,142.393478,135.369744
4427,177.08,142.175726,135.379263
4428,177.12,142.090879,135.415112
4429,177.16,141.997008,135.426311
4430,177.2,141.784957,135.426803
4431,177.24,141.627404,135.429378
4432,177.28,141.554445,135.47325
4433,177.32,141.267306,135.46611
4434,177.36,141.195448,135.613859
4435,177.4,141.101937,135.614129
4436,177.44,141.06433,135.727188
4437,177.48,140.947896,135.714756
4438,177.52,140.869562,135.728428
4439,177.56,140.796542,135.597023
4440,177.6,140.795365,135.564554
4441,177.64,140.762927,135.476684
4442,177.68,140.777881,135.465594
4443,177.72,140.724841,135.421428
4444,177.76,140.692411,135.554438
4445,177.8,140.645881,135.547397
4446,177.84,140.611468,135.669193
4447,177.88,140.535643,135.580326
4448,177.92,140.604622,135.466356
4449,177.96,140.538215,135.298737
4450,178,140.486346,135.365574
4451,178.04,140.465122,135.321453
4452,178.08,140.467435,135.346403
4453,178.12,140.465765,135.346735
4454,178.16,140.467154,135.337255
4455,178.2,140.441589,135.382974
4456,178.24,140.511195,135.558112
4457,178.28,140.495491,135.7425
4458,178.32,140.579221,135.950245
4459,178.36,140.63752,135.915888
4460,178.4,140.681486,135.846276
4461,178.44,140.728301,135.682768
4462,178.48,140.807676,135.561236
4463,178.52,140.824356,135.35441
4464,178.56,140.840914,135.305885
4465,178.6,140.962288,135.174971
4466,178.64,140.99439,135.151418
4467,178.68,141.081853,135.140406
4468,178.72,141.105108,135.202056
4469,178.76,141.122542,135.111372
4470,178.8,141.108735,135.081604
4471,178.84,141.014463,135.024848
4472,178.88,141.007605,135.141927
4473,178.92,140.869519,135.177813
4474,178.96,140.782383,135.176282
4475,179,140.574579,135.221597
4476,179.04,140.416348,135.267803
4477,179.08,140.251595,135.341452
4478,179.12,139.983056,135.422833
4479,179.16,139.825958,135.597485
4480,179.2,139.616913,135.838383
4481,179.24,139.331567,136.000279
4482,179.28,139.167827,136.127767
4483,179.32,138.998656,136.194362
4484,179.36,138.688069,136.212612
4485,179.4,138.529535,136.244983
4486,179.44,138.247374,136.236227
4487,179.48,137.972605,136.260192
4488,179.52,137.783927,136.222672
4489,179.56,137.602465,136.166924
4490,179.6,137.368395,136.11885
4491,179.64,137.250546,136.098045
4492,179.68,137.209381,136.025771
4493,179.72,137.153249,135.775688
4494,179.76,137.25791,135.430965
4495,179.8,137.486684,135.182732
4496,179.84,137.825162,134.996995
4497,179.88,138.218498,134.877602
4498,179.92,138.694229,134.747168
4499,179.96,139.1766,134.704295
4500,180,139.771358,134.711559
4501,180.04,140.53002,134.854924
4502,180.08,141.481546,135.133431
4503,180.12,142.531407,135.475753
4504,180.16,143.508678,135.811562
4505,180.2,144.307861,136.048749
4506,180.24,144.937973,136.21539
4507,180.28,145.318025,136.242083
4508,180.32,145.563696,136.217365
4509,180.36,145.581093,136.178185
4510,180.4,145.502227,136.053305
4511,180.44,145.338947,136.031675
4512,180.48,145.002376,136.00471
4513,180.52,144.642118,135.99497
4514,180.56,144.269849,135.889221
4515,180.6,143.868415,135.828052
4516,180.64,143.325562,135.812581
4517,180.68,142.771614,135.794043
4518,180.72,142.197338,135.835209
4519,180.76,141.53149,135.906415
4520,180.8,140.898973,136.034701
4521,180.84,140.242047,136.214611
4522,180.88,139.658612,136.400691
4523,180.92,139.176299,136.636398
4524,180.96,138.742561,136.750521
4525,181,138.35253,136.72253
4526,181.04,138.133788,136.654471
4527,181.08,137.806422,136.507488
4528,181.12,137.469525,136.278435
4529,181.16,137.107273,136.019643
4530,181.2,136.783728,135.832694
4531,181.24,136.574143,135.676128
4532,181.28,136.421106,135.591762
4533,181.32,136.439555,135.604547
4534,181.36,136.67314,135.696068
4535,181.4,137.074743,135.673336
4536,181.44,137.514708,135.595702
4537,181.48,137.96539,135.459015
4538,181.52,138.29406,135.363426
4539,181.56,138.543194,135.253468
4540,181.6,138.690088,135.163805
4541,181.64,139.006698,135.088126
4542,181.68,139.215858,135.03943
4543,181.72,139.447799,135.051297
4544,181.76,139.770715,135.159107
4545,181.8,140.010877,135.358007
4546,181.84,140.16625,135.522353
4547,181.88,140.280371,135.569753
4548,181.92,140.294315,135.552521
4549,181.96,140.311444,135.373298
4550,182,140.304264,135.133162
4551,182.04,140.32417,135.00913
4552,182.08,140.357102,134.855834
4553,182.12,140.365331,134.733761
4554,182.16,140.338115,134.749155
4555,182.2,140.343647,134.759184
4556,182.24,140.306588,134.85603
4557,182.28,140.313231,134.995889
4558,182.32,140.341531,134.976815
4559,182.36,140.307674,134.881835
4560,182.4,140.234107,134.93641
4561,182.44,140.103275,135.032942
4562,182.48,139.975477,135.171153
4563,182.52,139.808858,135.341152
4564,182.56,139.689816,135.446603
4565,182.6,139.586953,135.567519
4566,182.64,139.56365,135.644007
4567,182.68,139.538292,135.730676
4568,182.72,139.539985,135.954455
4569,182.76,139.526358,136.172521
4570,182.8,139.457697,136.32054
4571,182.84,139.422582,136.341371
4572,182.88,139.364836,136.270905
4573,182.92,139.266154,136.050108
4574,182.96,139.095023,135.792517
4575,183,138.981089,135.546859
4576,183.04,138.880888,135.345032
4577,183.08,138.877571,135.200954
4578,183.12,138.929778,135.230618
4579,183.16,139.007708,135.257106
4580,183.2,139.325401,135.187997
4581,183.24,139.537663,135.094558
4582,183.28,139.781049,134.992013
4583,183.32,139.889755,134.943526
4584,183.36,139.94416,134.9347
4585,183.4,139.977485,134.903481
4586,183.44,140.045509,135.016034
4587,183.48,140.041584,135.272624
4588,183.52,139.970019,135.592645
4589,183.56,139.969235,136.051578
4590,183.6,139.932949,136.498334
4591,183.64,139.927374,136.749053
4592,183.68,140.082222,136.789304
4593,183.72,140.216044,136.726509
4594,183.76,140.372968,136.418582
4595,183.8,140.618554,136.024364
4596,183.84,140.752399,135.642553
4597,183.88,140.832393,135.267617
4598,183.92,141.090392,135.038655
4599,183.96,141.236778,134.989951
4600,184,141.450672,135.005118
4601,184.04,141.732904,135.057658
4602,184.08,141.857289,135.136324
4603,184.12,141.835452,135.045683
4604,184.16,141.722414,134.988821
4605,184.2,141.608192,135.004863
4606,184.24,141.461855,135.0935
4607,184.28,141.177354,135.070938
4608,184.32,141.0035,135.17177
4609,184.36,140.860373,135.227268
4610,184.4,140.681327,135.340071
4611,184.44,140.545427,135.523913
4612,184.48,140.453562,135.746852
4613,184.52,140.432174,135.907686
4614,184.56,140.404006,136.163091
4615,184.6,140.35154,136.157661
4616,184.64,140.349865,136.226749
4617,184.68,140.281617,136.145359
4618,184.72,140.271536,136.075542
4619,184.76,140.292242,135.867914
4620,184.8,140.355547,135.816549
4621,184.84,140.466874,135.711244
4622,184.88,140.494773,135.704954
4623,184.92,140.614169,135.668109
4624,184.96,140.65327,135.713037
4625,185,140.76096,135.619742
4626,185.04,140.922516,135.599107
4627,185.08,140.982224,135.400999
4628,185.12,141.142604,135.333686
4629,185.16,141.249659,135.234342
4630,185.2,141.36685,135.229226
4631,185.24,141.463989,135.179253
4632,185.28,141.60181,135.197203
4633,185.32,141.700392,135.121651
4634,185.36,141.872931,135.197811
4635,185.4,142.030009,135.279073
4636,185.44,142.230083,135.435252
4637,185.48,142.303602,135.588061
4638,185.52,142.410121,135.640223
4639,185.56,142.570205,135.422669
4640,185.6,142.609011,135.271369
4641,185.64,142.733929,135.033524
4642,185.68,142.857769,134.858326
4643,185.72,142.948956,134.628417
4644,185.76,142.968522,134.582621
4645,185.8,142.971747,134.499041
4646,185.84,142.976764,134.549393
4647,185.88,142.930292,134.613774
4648,185.92,142.868017,134.720814
4649,185.96,142.840915,134.609083
4650,186,142.745018,134.628141
4651,186.04,142.581673,134.659015
4652,186.08,142.394756,134.740069
4653,186.12,142.22431,134.79804
4654,186.16,141.959574,134.852921
4655,186.2,141.630587,134.815215
4656,186.24,141.470516,134.920318
4657,186.28,141.273638,135.020615
4658,186.32,140.96437,135.237128
4659,186.36,140.823644,135.465526
4660,186.4,140.632798,135.642078
4661,186.44,140.276171,135.673596
4662,186.48,139.997769,135.771325
4663,186.52,139.636147,135.631763
4664,186.56,139.326751,135.547943
4665,186.6,138.886355,135.465277
4666,186.64,138.594502,135.447272
4667,186.68,138.340639,135.420178
4668,186.72,138.254385,135.447847
4669,186.76,138.25363,135.448567
4670,186.8,138.350318,135.497861
4671,186.84,138.498324,135.359839
4672,186.88,138.766318,135.098642
4673,186.92,139.058179,134.908278
4674,186.96,139.257975,134.871228
4675,187,139.418279,134.775911
4676,187.04,139.713593,134.761485
4677,187.08,139.733493,134.726673
4678,187.12,139.782566,134.833739
4679,187.16,139.815372,134.916569
4680,187.2,139.861906,135.051986
4681,187.24,139.883819,135.05699
4682,187.28,139.94122,135.065614
4683,187.32,139.971755,134.918057
4684,187.36,140.075353,134.707913
4685,187.4,140.082213,134.293875
4686,187.44,140.253133,134.06548
4687,187.48,140.382991,133.799679
4688,187.52,140.626054,133.693059
4689,187.56,140.814564,133.624465
4690,187.6,141.131579,133.698288
4691,187.64,141.524719,133.702336
4692,187.68,141.989623,133.697833
4693,187.72,142.261357,133.58689
4694,187.76,142.450585,133.708727
4695,187.8,142.404829,133.846958
4696,187.84,142.206586,134.051676
4697,187.88,141.794068,134.1578
4698,187.92,141.309978,134.378946
4699,187.96,140.756152,134.499679
4700,188,140.275257,134.877041
4701,188.04,139.726531,135.114648
4702,188.08,139.230365,135.460724
4703,188.12,138.748098,135.666213
4704,188.16,138.403136,135.856736
4705,188.2,137.977773,135.86705
4706,188.24,137.749346,135.841616
4707,188.28,137.474259,135.75325
4708,188.32,137.315892,135.612265
4709,188.36,137.177182,135.426751
4710,188.4,137.207745,135.363905
4711,188.44,137.18931,135.320191
4712,188.48,137.396676,135.375237
4713,188.52,137.627494,135.463592
4714,188.56,137.987705,135.638294
4715,188.6,138.391055,135.555563
4716,188.64,138.885415,135.501994
4717,188.68,139.265528,135.349257
4718,188.72,139.757434,135.269046
4719,188.76,140.186516,135.147308
4720,188.8,140.599591,135.089309
4721,188.84,140.922745,134.995233
4722,188.88,141.23661,135.059351
4723,188.92,141.473336,135.122672
4724,188.96,141.841713,135.397202
4725,189,142.037108,135.534857
4726,189.04,142.257217,135.63418
4727,189.08,142.414404,135.401729
4728,189.12,142.463763,135.110456
4729,189.16,142.420882,134.723342
4730,189.2,142.429696,134.492451
4731,189.24,142.350362,134.267392
4732,189.28,142.342975,134.227992
4733,189.32,142.311386,134.223432
4734,189.36,142.313307,134.302851
4735,189.4,142.250803,134.376568
4736,189.44,142.19542,134.426177
4737,189.48,142.018755,134.295225
4738,189.52,141.808266,134.280053
4739,189.56,141.500384,134.270846
4740,189.6,141.378905,134.347403
4741,189.64,141.252425,134.323034
4742,189.68,140.841635,134.341223
4743,189.72,140.713331,134.382339
4744,189.76,140.543609,134.511277
4745,189.8,140.346999,134.566894
4746,189.84,140.248116,134.779666
4747,189.88,140.135723,134.88934
4748,189.92,140.078145,135.147802
4749,189.96,139.971972,135.186797
4750,190,139.819171,135.21096
4751,190.04,139.654804,135.011944
4752,190.08,139.628202,134.966132
4753,190.12,139.526584,134.783849
4754,190.16,139.526217,134.735188
4755,190.2,139.4647,134.632
4756,190.24,139.430813,134.621815
4757,190.28,139.437811,134.690546
4758,190.32,139.50166,134.866163
4759,190.36,139.495152,134.909242
4760,190.4,139.704464,134.787182
4761,190.44,139.901116,134.559082
4762,190.48,140.063001,134.461715
4763,190.52,140.324616,134.404622
4764,190.56,140.537403,134.435784
4765,190.6,140.599436,134.344891
4766,190.64,141.009849,134.37052
4767,190.68,141.149626,134.332365
4768,190.72,141.330048,134.406093
4769,190.76,141.490736,134.61574
4770,190.8,141.695073,134.871529
4771,190.84,141.859528,135.032594
4772,190.88,141.933586,135.223564
4773,190.92,142.044734,135.205264
4774,190.96,142.02182,135.006333
4775,191,141.989945,134.711635
4776,191.04,141.981369,134.637154
4777,191.08,142.053317,134.531157
4778,191.12,142.14488,134.421401
4779,191.16,142.280841,134.474816
4780,191.2,142.457691,134.5077
4781,191.24,142.488329,134.500536
4782,191.28,142.567919,134.472144
4783,191.32,142.528232,134.427058
4784,191.36,142.531689,134.48871
4785,191.4,142.444887,134.588322
4786,191.44,142.329218,134.636504
4787,191.48,142.25739,134.685753
4788,191.52,142.122517,134.795097
4789,191.56,142.009912,134.889999
4790,191.6,141.656112,135.140563
4791,191.64,141.47545,135.369653
4792,191.68,141.315993,135.538418
4793,191.72,140.969725,135.686645
4794,191.76,140.873645,135.740874
4795,191.8,140.64994,135.642742
4796,191.84,140.466418,135.493912
4797,191.88,140.397943,135.325855
4798,191.92,140.277362,135.125447
4799,191.96,140.247569,135.075178
4800,192,140.261627,135.047058
4801,192.04,140.330529,135.027561
4802,192.08,140.352089,135.067524
4803,192.12,140.482837,135.019066
4804,192.16,140.575865,134.789147
4805,192.2,140.60361,134.61761
4806,192.24,140.661643,134.586316
4807,192.28,140.764873,134.570006
4808,192.32,140.758914,134.549078
4809,192.36,140.868217,134.583208
4810,192.4,141.062153,134.665153
4811,192.44,141.191702,134.876791
4812,192.48,141.275766,135.066371
4813,192.52,141.405697,135.271098
4814,192.56,141.440312,135.469471
4815,192.6,141.507536,135.50014
4816,192.64,141.52393,135.39318
4817,192.68,141.530868,135.113482
4818,192.72,141.528346,134.851152
4819,192.76,141.44061,134.602549
4820,192.8,141.378978,134.386642
4821,192.84,141.312882,134.346256
4822,192.88,141.270825,134.305409
4823,192.92,141.226692,134.305174
4824,192.96,141.222019,134.377308
4825,193,141.202721,134.336174
4826,193.04,141.208067,134.327595
4827,193.08,141.186989,134.295268
4828,193.12,141.201101,134.372212
4829,193.16,141.217231,134.497554
4830,193.2,141.1991,134.583298
4831,193.24,141.100199,134.597794
4832,193.28,141.10255,134.63988
4833,193.32,140.983424,134.746167
4834,193.36,140.806864,134.841121
4835,193.4,140.767698,134.991849
4836,193.44,140.736488,135.178016
4837,193.48,140.624587,135.363757
4838,193.52,140.581497,135.586988
4839,193.56,140.525756,135.541197
4840,193.6,140.411846,135.41194
4841,193.64,140.269822,135.19619
4842,193.68,140.204923,135.037266
4843,193.72,140.130917,134.899952
4844,193.76,140.102822,134.81246
4845,193.8,140.141125,134.75076
4846,193.84,140.222484,134.722949
4847,193.88,140.40087,134.688549
4848,193.92,140.662481,134.60386
4849,193.96,140.989938,134.317749
4850,194,141.259826,134.005451
4851,194.04,141.675534,133.892625
4852,194.08,142.144689,133.803237
4853,194.12,142.441976,133.718912
4854,194.16,142.790687,133.726216
4855,194.2,143.08867,133.725837
4856,194.24,143.383486,133.857376
4857,194.28,143.47842,134.0248
4858,194.32,143.572178,134.14286
4859,194.36,143.581799,134.295084
4860,194.4,143.501617,134.332651
4861,194.44,143.374652,134.265447
4862,194.48,143.122989,134.005896
4863,194.52,142.761927,133.769624
4864,194.56,142.377114,133.486109
4865,194.6,142.02555,133.285096
4866,194.64,141.641444,133.262463
4867,194.68,141.277432,133.277629
4868,194.72,140.933468,133.32572
4869,194.76,140.787101,133.414733
4870,194.8,140.575789,133.378704
4871,194.84,140.493165,133.369008
4872,194.88,140.467197,133.43529
4873,194.92,140.37365,133.630044
4874,194.96,140.321977,133.840627
4875,195,140.251605,134.014163
4876,195.04,140.120474,134.200564
4877,195.08,140.073839,134.474522
4878,195.12,140.033831,134.756564
4879,195.16,139.978033,135.006925
4880,195.2,139.909817,135.307849
4881,195.24,139.840842,135.553634
4882,195.28,139.746024,135.658556
4883,195.32,139.582051,135.63217
4884,195.36,139.416499,135.531622
4885,195.4,139.213528,135.287739
4886,195.44,139.009105,135.066659
4887,195.48,138.713803,134.866204
4888,195.52,138.568007,134.715619
4889,195.56,138.422536,134.622253
4890,195.6,138.376335,134.604504
4891,195.64,138.468975,134.55928
4892,195.68,138.70863,134.492488
4893,195.72,139.076297,134.381233
4894,195.76,139.49888,134.245437
4895,195.8,139.967458,134.230602
4896,195.84,140.433087,134.207485
4897,195.88,140.956628,134.247891
4898,195.92,141.546219,134.286799
4899,195.96,142.145372,134.410747
4900,196,142.682455,134.552797
4901,196.04,143.054582,134.779731
4902,196.08,143.353887,134.976257
4903,196.12,143.524833,135.042574
4904,196.16,143.544007,135.052758
4905,196.2,143.511163,134.916052
4906,196.24,143.433687,134.667492
4907,196.28,143.268751,134.315254
4908,196.32,143.095354,134.05271
4909,196.36,142.999818,133.86131
4910,196.4,142.927274,133.705579
4911,196.44,142.902274,133.710358
4912,196.48,142.937226,133.725714
4913,196.52,142.95575,133.759688
4914,196.56,142.953607,133.805265
4915,196.6,142.916565,133.771386
4916,196.64,142.935555,133.83365
4917,196.68,142.905378,133.951863
4918,196.72,142.800946,134.036252
4919,196.76,142.70011,134.044518
4920,196.8,142.661126,134.072524
4921,196.84,142.569682,134.124383
4922,196.88,142.539318,134.242136
4923,196.92,142.507756,134.343154
4924,196.96,142.511445,134.445834
4925,197,142.490687,134.623423
4926,197.04,142.50859,134.683593
4927,197.08,142.480503,134.609342
4928,197.12,142.479653,134.52725
4929,197.16,142.466205,134.393455
4930,197.2,142.46177,134.190308
4931,197.24,142.45299,134.155241
4932,197.28,142.463427,134.153826
4933,197.32,142.574553,134.205183
4934,197.36,142.699885,134.24182
4935,197.4,142.806087,134.386747
4936,197.44,142.832709,134.377192
4937,197.48,142.823955,134.242155
4938,197.52,142.830203,134.160376
4939,197.56,142.798848,134.114613
4940,197.6,142.784208,134.062727
4941,197.64,142.768269,134.05712
4942,197.68,142.834695,134.05475
4943,197.72,142.916794,134.103614
4944,197.76,142.920669,134.145778
4945,197.8,143.030358,134.247845
4946,197.84,143.079815,134.38957
4947,197.88,143.151489,134.566764
4948,197.92,143.1505,134.580047
4949,197.96,143.13473,134.48924
4950,198,143.082678,134.353323
4951,198.04,143.03815,134.130784
4952,198.08,143.039069,133.978042
4953,198.12,143.055293,133.946043
4954,198.16,143.089298,133.960537
4955,198.2,143.177683,134.014972
4956,198.24,143.237977,134.061814
4957,198.28,143.213222,134.048116
4958,198.32,143.212832,134.045674
4959,198.36,143.20945,134.035549
4960,198.4,143.196205,134.091995
4961,198.44,143.231989,134.178539
4962,198.48,143.241548,134.206181
4963,198.52,143.234377,134.206356
4964,198.56,143.203708,134.213206
4965,198.6,143.185981,134.221485
4966,198.64,143.147722,134.277059
4967,198.68,143.123151,134.370678
4968,198.72,143.116142,134.455537
4969,198.76,143.076005,134.494757
4970,198.8,143.091821,134.576035
4971,198.84,143.078142,134.566336
4972,198.88,142.959512,134.41656
4973,198.92,142.896752,134.245701
4974,198.96,142.762761,134.14903
4975,199,142.683691,134.056509
4976,199.04,142.643858,134.012572
4977,199.08,142.594406,134.020813
4978,199.12,142.581671,134.121634
4979,199.16,142.611788,134.170992
4980,199.2,142.635811,134.158368
4981,199.24,142.681164,134.003429
4982,199.28,142.703814,133.857607
4983,199.32,142.748946,133.803525
4984,199.36,142.771315,133.749384
4985,199.4,142.780114,133.767806
4986,199.44,142.806904,133.771742
4987,199.48,142.846809,133.776554
4988,199.52,142.974113,133.89049
4989,199.56,143.069037,134.021478
4990,199.6,143.191276,134.162114
4991,199.64,143.313281,134.288584
4992,199.68,143.344399,134.336223
4993,199.72,143.409725,134.274503
4994,199.76,143.438464,134.098566
4995,199.8,143.44601,133.935445
4996,199.84,143.450064,133.729265
4997,199.88,143.388408,133.533315
4998,199.92,143.314737,133.439004
4999,199.96,143.207653,133.390475
5000,200,143.099216,133.366593
5001,200.04,142.930052,133.397925
5002,200.08,142.752468,133.461577
5003,200.12,142.556133,133.361866
5004,200.16,142.460967,133.350339
5005,200.2,142.345099,133.358115
5006,200.24,142.234478,133.469987
5007,200.28,142.112248,133.568404
5008,200.32,141.997355,133.614436
5009,200.36,141.738622,133.648979
5010,200.4,141.575433,133.74502
5011,200.44,141.423249,133.833855
5012,200.48,141.294988,134.023549
5013,200.52,141.044762,134.352795
5014,200.56,140.748384,134.673326
5015,200.6,140.23929,134.837346
5016,200.64,139.753262,134.897126
5017,200.68,139.271086,134.859607
5018,200.72,138.819036,134.765942
5019,200.76,138.379916,134.776852
5020,200.8,138.012814,134.715523
5021,200.84,137.794652,134.677594
5022,200.88,137.660923,134.682943
5023,200.92,137.660952,134.669364
5024,200.96,137.808902,134.623694
5025,201,138.012433,134.490056
5026,201.04,138.363601,134.26636
5027,201.08,138.670636,134.087148
5028,201.12,139.001643,134.002128
5029,201.16,139.24604,133.919091
5030,201.2,139.454276,133.819644
5031,201.24,139.588336,133.791455
5032,201.28,139.67129,133.796756
5033,201.32,139.802086,133.900585
5034,201.36,139.893519,134.081419
5035,201.4,140.037789,134.242427
5036,201.44,140.174672,134.416459
5037,201.48,140.277793,134.430354
5038,201.52,140.513926,134.265645
5039,201.56,140.984721,133.956718
5040,201.6,141.777476,133.654722
5041,201.64,142.695433,133.466674
5042,201.68,143.8377,133.433415
5043,201.72,145.067654,133.527181
5044,201.76,146.250815,133.752346
5045,201.8,147.141349,134.061777
5046,201.84,147.773697,134.310426
5047,201.88,148.20719,134.393598
5048,201.92,148.318534,134.462478
5049,201.96,148.295389,134.522144
5050,202,148.183954,134.613245
5051,202.04,147.990779,134.644248
5052,202.08,147.69367,134.701701
5053,202.12,147.303345,134.701436
5054,202.16,146.847723,134.722598
5055,202.2,146.371097,134.775317
5056,202.24,145.735241,134.765285
5057,202.28,145.082145,134.735524
5058,202.32,144.338152,134.763608
5059,202.36,143.625407,134.709762
5060,202.4,142.927987,134.660517
5061,202.44,142.256944,134.612788
5062,202.48,141.63081,134.631056
5063,202.52,141.097652,134.622512
5064,202.56,140.681228,134.640105
5065,202.6,140.396548,134.61839
5066,202.64,140.268794,134.638848
5067,202.68,140.23337,134.679743
5068,202.72,140.250754,134.625718
5069,202.76,140.45749,134.507151
5070,202.8,140.625502,134.449869
5071,202.84,140.766885,134.302842
5072,202.88,141.145877,134.254495
5073,202.92,141.309725,134.191554
5074,202.96,141.479648,134.105414
5075,203,141.813779,134.129027
5076,203.04,141.977357,134.096179
5077,203.08,142.12647,134.09463
5078,203.12,142.360244,134.156971
5079,203.16,142.569684,134.32138
5080,203.2,142.718311,134.305835
5081,203.24,142.837176,134.274216
5082,203.28,142.963376,134.199331
5083,203.32,142.994877,134.033476
5084,203.36,143.055562,133.897332
5085,203.4,143.08377,133.861204
5086,203.44,143.168674,133.81318
5087,203.48,143.222227,133.852033
5088,203.52,143.231697,133.853851
5089,203.56,143.143056,133.800505
5090,203.6,143.113151,133.84736
5091,203.64,143.021874,133.900894
5092,203.68,142.907669,133.879017
5093,203.72,142.842365,133.86311
5094,203.76,142.696406,133.950232
5095,203.8,142.586324,134.00934
5096,203.84,142.480988,134.048852
5097,203.88,142.345998,134.104874
5098,203.92,142.278851,134.180741
5099,203.96,142.197404,134.276442
5100,204,142.191891,134.416534
5101,204.04,142.103879,134.555348
5102,204.08,142.112729,134.817588
5103,204.12,142.057043,134.925431
5104,204.16,141.958306,134.88869
5105,204.2,141.874496,134.790873
5106,204.24,141.667116,134.689017
5107,204.28,141.599344,134.58173
5108,204.32,141.545198,134.545059
5109,204.36,141.554874,134.559061
5110,204.4,141.658487,134.570534
5111,204.44,141.799072,134.699267
5112,204.48,141.879183,134.778429
5113,204.52,141.974377,134.739294
5114,204.56,142.058602,134.555927
5115,204.6,142.114471,134.509265
5116,204.64,142.161307,134.435594
5117,204.68,142.18439,134.406637
5118,204.72,142.209385,134.351604
5119,204.76,142.360873,134.269994
5120,204.8,142.444135,134.221824
5121,204.84,142.558895,134.199144
5122,204.88,142.652683,134.170597
5123,204.92,142.939862,134.233712
5124,204.96,143.142738,134.342872
5125,205,143.342499,134.393511
5126,205.04,143.534771,134.541927
5127,205.08,143.579702,134.490787
5128,205.12,143.596748,134.324212
5129,205.16,143.610486,134.10868
5130,205.2,143.613245,133.983896
5131,205.24,143.627762,133.893393
5132,205.28,143.6381,133.866326
5133,205.32,143.619094,133.913009
5134,205.36,143.539851,133.990672
5135,205.4,143.41449,133.972652
5136,205.44,143.324084,133.949356
5137,205.48,143.210806,133.917434
5138,205.52,143.002368,133.952321
5139,205.56,142.862262,134.047851
5140,205.6,142.721908,134.123823
5141,205.64,142.474073,134.15571
5142,205.68,142.334792,134.260303
5143,205.72,142.208988,134.346762
5144,205.76,142.151908,134.45324
5145,205.8,142.011353,134.609654
5146,205.84,141.881355,134.800414
5147,205.88,141.841266,134.890824
5148,205.92,141.829562,134.93707
5149,205.96,141.734306,134.80273
5150,206,141.697021,134.777695
5151,206.04,141.557465,134.700323
5152,206.08,141.461548,134.660648
5153,206.12,141.432418,134.641193
5154,206.16,141.36024,134.64492
5155,206.2,141.341823,134.65572
5156,206.24,141.33093,134.636199
5157,206.28,141.366179,134.653765
5158,206.32,141.419329,134.505972
5159,206.36,141.45026,134.427086
5160,206.4,141.46444,134.380601
5161,206.44,141.487196,134.33901
5162,206.48,141.481546,134.295681
5163,206.52,141.513282,134.305429
5164,206.56,141.545635,134.292488
5165,206.6,141.55495,134.268084
5166,206.64,141.583821,134.350669
5167,206.68,141.652954,134.47915
5168,206.72,141.671279,134.624874
5169,206.76,141.722276,134.667332
5170,206.8,141.77887,134.609983
5171,206.84,141.774622,134.397003
5172,206.88,141.792222,134.306736
5173,206.92,141.754972,134.199223
5174,206.96,141.738425,134.135256
5175,207,141.724687,134.104736
5176,207.04,141.714926,134.076016
5177,207.08,141.70489,134.089093
5178,207.12,141.731263,134.075226
5179,207.16,141.67962,134.004781
5180,207.2,141.674768,134.003944
5181,207.24,141.623224,133.939421
5182,207.28,141.544027,133.952722
5183,207.32,141.488112,134.08358
5184,207.36,141.451728,134.111563
5185,207.4,141.383427,134.099485
5186,207.44,141.205164,134.157676
5187,207.48,141.059973,134.234029
5188,207.52,140.952101,134.316185
5189,207.56,140.838976,134.560427
5190,207.6,140.677183,134.726249
5191,207.64,140.614313,134.806592
5192,207.68,140.414141,134.947712
5193,207.72,140.190231,134.900635
5194,207.76,139.998249,134.792284
5195,207.8,139.8842,134.695037
5196,207.84,139.837074,134.673289
5197,207.88,139.885493,134.66997
5198,207.92,139.913066,134.656111
5199,207.96,139.96248,134.655532
5200,208,140.115588,134.647765
5201,208.04,140.376958,134.638173
5202,208.08,140.730433,134.586297
5203,208.12,141.164523,134.431466
5204,208.16,141.607455,134.293769
5205,208.2,142.097698,134.194658
5206,208.24,142.651134,134.124197
5207,208.28,143.282797,133.942487
5208,208.32,143.883059,133.873323
5209,208.36,144.490321,133.767809
5210,208.4,145.038717,133.71012
5211,208.44,145.596749,133.726841
5212,208.48,146.153941,133.782614
5213,208.52,146.731733,133.905801
5214,208.56,147.365767,134.083108
5215,208.6,148.104137,134.203355
5216,208.64,148.792449,134.216252
5217,208.68,149.398806,134.28251
5218,208.72,149.898024,134.311127
5219,208.76,150.214831,134.324245
5220,208.8,150.35925,134.330302
5221,208.84,150.371865,134.323827
5222,208.88,150.361739,134.307688
5223,208.92,150.282962,134.289428
5224,208.96,150.01139,134.2232
5225,209,149.76967,134.198065
5226,209.04,149.226565,134.171688
5227,209.08,148.663671,134.116425
5228,209.12,148.10345,134.107387
5229,209.16,147.507356,134.129707
5230,209.2,146.994141,134.167466
5231,209.24,146.556468,134.17987
5232,209.28,146.10874,134.210464
5233,209.32,145.604338,134.244906
5234,209.36,145.075114,134.282425
5235,209.4,144.568733,134.4343
5236,209.44,143.932834,134.4763
5237,209.48,143.341195,134.607359
5238,209.52,142.760399,134.779728
5239,209.56,142.179113,134.863661
5240,209.6,141.607192,134.832404
5241,209.64,141.073805,134.849465
5242,209.68,140.618562,134.903939
5243,209.72,140.295841,134.980559
5244,209.76,140.088896,135.031478
5245,209.8,139.953639,135.095301
5246,209.84,139.764971,135.130683
5247,209.88,139.736235,135.199521
5248,209.92,139.743534,135.227106
5249,209.96,139.737982,135.248826
5250,210,139.758976,135.29109
5251,210.04,139.882201,135.252152
5252,210.08,140.133239,135.261448
5253,210.12,140.481838,135.252554
5254,210.16,140.93545,135.248697
5255,210.2,141.585043,135.164394
5256,210.24,142.551772,135.07398
5257,210.28,143.595626,134.710897
5258,210.32,144.988246,134.568656
5259,210.36,146.523442,134.495336
5260,210.4,148.343003,134.740527
5261,210.44,150.19092,135.051556
5262,210.48,152.195311,135.468529
5263,210.52,153.974849,135.691752
5264,210.56,155.314782,135.857301
5265,210.6,156.394701,135.922276
5266,210.64,157.283711,135.998826
5267,210.68,157.92807,136.032004
5268,210.72,158.521704,136.071327
5269,210.76,158.896973,136.042148
5270,210.8,159.194121,136.067545
5271,210.84,159.287295,136.060655
5272,210.88,159.381037,136.049725
5273,210.92,159.211589,136.018713
5274,210.96,159.049091,135.98049
5275,211,158.675248,135.844435
5276,211.04,158.335326,135.747053
5277,211.08,157.776862,135.659005
5278,211.12,157.285218,135.552788
5279,211.16,156.631197,135.362691
5280,211.2,155.902989,135.237099
5281,211.24,155.023104,135.016544
5282,211.28,154.093216,134.785862
5283,211.32,153.016697,134.524945
5284,211.36,151.935847,134.357402
5285,211.4,150.902131,134.146123
5286,211.44,149.976224,134.152195
5287,211.48,149.192931,134.042797
5288,211.52,148.610943,134.023434
5289,211.56,148.134659,133.970454
5290,211.6,147.719772,133.966267
5291,211.64,147.366984,133.926264
5292,211.68,147.281675,133.979148
5293,211.72,147.226362,133.913925
5294,211.76,147.247217,133.926324
5295,211.8,147.207538,133.90445
5296,211.84,147.322215,133.9243
5297,211.88,147.302519,133.942118
5298,211.92,147.406926,134.015582
5299,211.96,147.399297,133.968851
5300,212,147.345187,133.867878
5301,212.04,147.231421,133.699307
5302,212.08,147.097631,133.620492
5303,212.12,146.94473,133.439883
5304,212.16,146.909269,133.404801
5305,212.2,146.917406,133.313566
5306,212.24,147.08576,133.296884
5307,212.28,147.299141,133.310154
5308,212.32,147.645304,133.377073
5309,212.36,147.985912,133.431912
5310,212.4,148.460298,133.555724
5311,212.44,148.960824,133.606004
5312,212.48,149.385623,133.709058
5313,212.52,149.813162,133.763892
5314,212.56,150.154883,133.891426
5315,212.6,150.459866,133.89727
5316,212.64,150.652509,133.964981
5317,212.68,150.771676,133.952673
5318,212.72,150.814233,133.997777
5319,212.76,150.886368,134.005499
5320,212.8,150.889018,134.06684
5321,212.84,150.744247,134.076816
5322,212.88,150.498359,134.118749
5323,212.92,150.146526,134.049733
5324,212.96,149.648914,133.986519
5325,213,149.113041,133.893682
5326,213.04,148.442684,133.825191
5327,213.08,147.785928,133.55936
5328,213.12,147.269215,133.445249
5329,213.16,146.87297,133.334443
5330,213.2,146.593326,133.273724
5331,213.24,146.540275,133.243929
5332,213.28,146.650424,133.267306
5333,213.32,146.923298,133.256556
5334,213.36,147.15765,133.346301
5335,213.4,147.239376,133.428135
5336,213.44,147.213885,133.554089
5337,213.48,147.006611,133.546791
5338,213.52,146.511572,133.674406
5339,213.56,145.83349,133.653959
5340,213.6,145.099224,133.661201
5341,213.64,144.245914,133.637214
5342,213.68,143.151141,133.617055
5343,213.72,141.832329,133.594406
5344,213.76,140.269771,133.526033
5345,213.8,138.712396,133.449319
5346,213.84,137.117122,133.612063
5347,213.88,135.545553,133.667761
5348,213.92,134.308681,133.73781
5349,213.96,133.174936,133.709586
5350,214,132.285577,133.765328
5351,214.04,131.54335,133.816357
5352,214.08,130.866947,133.979652
5353,214.12,130.180413,134.102181
5354,214.16,129.786411,134.370031
5355,214.2,129.176321,134.600992
5356,214.24,128.656856,134.873235
5357,214.28,128.086797,135.114608
5358,214.32,127.477265,135.405049
5359,214.36,126.717855,135.50372
5360,214.4,126.2817,135.782534
5361,214.44,125.598047,135.929356
5362,214.48,125.039353,136.133596
5363,214.52,124.510055,136.21071
5364,214.56,124.044964,136.298074
5365,214.6,123.424983,136.32445
5366,214.64,123.002244,136.447077
5367,214.68,122.503181,136.40646
5368,214.72,122.304918,136.215481
5369,214.76,122.056048,135.938944
5370,214.8,122.08007,135.79878
5371,214.84,122.118074,135.634222
5372,214.88,122.234738,135.495201
5373,214.92,122.391665,135.403177
5374,214.96,122.626324,135.400372
5375,215,122.777403,135.371605
5376,215.04,123.119983,135.477385
5377,215.08,123.297241,135.529716
5378,215.12,123.56724,135.718609
5379,215.16,123.683936,135.760206
5380,215.2,123.925859,135.861861
5381,215.24,124.097372,135.919061
5382,215.28,124.452927,135.924112
5383,215.32,124.859218,135.914207
5384,215.36,125.312025,135.896134
5385,215.4,125.854685,135.850891
5386,215.44,126.534848,135.850963
5387,215.48,127.165525,135.685791
5388,215.52,127.916292,135.488227
5389,215.56,128.701311,135.21793
5390,215.6,129.433579,135.017225
5391,215.64,130.261782,134.804311
5392,215.68,131.258099,134.580782
5393,215.72,132.204972,134.3661
5394,215.76,133.264931,134.311416
5395,215.8,134.347123,134.205065
5396,215.84,135.673927,134.213916
5397,215.88,136.918681,134.119609
5398,215.92,138.166382,134.002083
5399,215.96,139.423201,133.812432
5400,216,140.688416,133.633645
5401,216.04,141.842601,133.569931
5402,216.08,142.910124,133.608443
5403,216.12,143.87228,133.670007
5404,216.16,144.591229,133.838049
5405,216.2,145.158229,133.946001
5406,216.24,145.521329,134.070672
5407,216.28,145.608308,134.031525
5408,216.32,145.609748,134.059028
5409,216.36,145.485215,134.019783
5410,216.4,145.167759,133.908801
5411,216.44,144.718426,133.706673
5412,216.48,144.225396,133.626649
5413,216.52,143.691666,133.431191
5414,216.56,143.261861,133.480413
5415,216.6,142.788296,133.487246
5416,216.64,142.399398,133.570343
5417,216.68,142.107172,133.543977
5418,216.72,141.903977,133.51484
5419,216.76,141.780519,133.383583
5420,216.8,141.769273,133.407176
5421,216.84,141.691532,133.389259
5422,216.88,141.559262,133.632685
5423,216.92,141.317285,133.681543
5424,216.96,140.993145,133.883789
5425,217,140.578541,134.030331
5426,217.04,140.020351,134.141153
5427,217.08,139.328544,134.234936
5428,217.12,138.583109,134.413818
5429,217.16,137.779093,134.518811
5430,217.2,136.835977,134.746805
5431,217.24,135.759631,134.693386
5432,217.28,134.808476,134.648359
5433,217.32,133.793129,134.594829
5434,217.36,132.82204,134.654037
5435,217.4,131.902805,134.791484
5436,217.44,131.215585,135.011686
5437,217.48,130.513198,135.193403
5438,217.52,129.985238,135.534374
5439,217.56,129.332255,135.924882
5440,217.6,128.786142,136.352203
5441,217.64,128.092853,136.666398
5442,217.68,127.424753,137.056678
5443,217.72,126.662056,137.28493
5444,217.76,126.19765,137.549842
5445,217.8,125.559878,137.722383
5446,217.84,125.020832,137.95902
5447,217.88,124.346289,138.085812
5448,217.92,123.926712,138.196243
5449,217.96,123.460781,138.133477
5450,218,123.146551,138.138087
5451,218.04,122.835811,138.093218
5452,218.08,122.786827,137.947958
5453,218.12,122.593909,137.643447
5454,218.16,122.740503,137.303618
5455,218.2,122.847587,136.955833
5456,218.24,123.331754,136.837848
5457,218.28,123.728144,136.852572
5458,218.32,124.348962,137.151428
5459,218.36,124.732211,137.530991
5460,218.4,125.025684,138.068408
5461,218.44,124.987643,138.319439
5462,218.48,125.02778,138.547131
5463,218.52,124.940286,138.620398
5464,218.56,124.999835,138.676938
5465,218.6,124.912302,138.664307
5466,218.64,124.986314,138.68788
5467,218.68,125.030802,138.612761
5468,218.72,125.212323,138.631665
5469,218.76,125.424516,138.549512
5470,218.8,125.725026,138.503978
5471,218.84,125.970272,138.429306
5472,218.88,126.482448,138.424407
5473,218.92,126.972841,138.268225
5474,218.96,127.710029,138.079044
5475,219,128.486404,137.77703
5476,219.04,129.411131,137.540712
5477,219.08,130.295997,137.25954
5478,219.12,131.379074,137.181732
5479,219.16,132.409275,137.037528
5480,219.2,133.595711,137.004248
5481,219.24,134.610555,136.967506
5482,219.28,135.748767,137.041799
5483,219.32,136.789946,137.101046
5484,219.36,137.775777,137.221981
5485,219.4,138.632567,137.263751
5486,219.44,139.475604,137.407347
5487,219.48,140.175074,137.448402
5488,219.52,140.892902,137.565313
5489,219.56,141.526882,137.727254
5490,219.6,142.020783,137.839822
5491,219.64,142.417994,137.862443
5492,219.68,142.625709,137.848571
5493,219.72,142.624416,137.846871
5494,219.76,142.607263,137.77796
5495,219.8,142.510702,137.734926
5496,219.84,142.315789,137.596337
5497,219.88,142.067769,137.427374
5498,219.92,141.842233,137.277389
5499,219.96,141.473643,137.161336
5500,220,141.119358,137.135232
5501,220.04,140.832587,137.062194
5502,220.08,140.671869,137.118048
5503,220.12,140.607858,137.137199
5504,220.16,140.579389,137.16564
5505,220.2,140.60049,137.241055
5506,220.24,140.682913,137.362891
5507,220.28,140.698966,137.513037
5508,220.32,140.718013,137.578245
5509,220.36,140.686544,137.602666
5510,220.4,140.46603,137.628343
5511,220.44,140.193038,137.695894
5512,220.48,139.740324,137.694035
5513,220.52,139.249941,137.685001
5514,220.56,138.732325,137.706458
5515,220.6,138.114917,137.670852
5516,220.64,137.380069,137.636899
5517,220.68,136.619788,137.593824
5518,220.72,135.82794,137.486849
5519,220.76,135.016751,137.47591
5520,220.8,134.319867,137.495806
5521,220.84,133.76597,137.576175
5522,220.88,133.336585,137.769303
5523,220.92,132.91355,138.032647
5524,220.96,132.550041,138.280856
5525,221,132.220589,138.496891
5526,221.04,131.859138,138.725324
5527,221.08,131.448354,138.896692
5528,221.12,131.110756,139.166062
5529,221.16,130.741572,139.375691
5530,221.2,130.448694,139.558928
5531,221.24,130.249931,139.738057
5532,221.28,130.059528,139.857489
5533,221.32,129.906743,139.951475
5534,221.36,129.794618,140.11445
5535,221.4,129.66635,140.221026
5536,221.44,129.562045,140.291756
5537,221.48,129.460974,140.37375
5538,221.52,129.374592,140.429344
5539,221.56,129.335123,140.406368
5540,221.6,129.304892,140.261651
5541,221.64,129.326396,140.109142
5542,221.68,129.309106,139.979365
5543,221.72,129.352988,139.875723
5544,221.76,129.425828,139.871848
5545,221.8,129.456687,139.876355
5546,221.84,129.52723,139.877049
5547,221.88,129.555302,139.888982
5548,221.92,129.579683,139.907128
5549,221.96,129.603803,139.935433
5550,222,129.626408,139.981606
5551,222.04,129.624303,139.983976
5552,222.08,129.615272,139.983366
5553,222.12,129.624961,139.985654
5554,222.16,129.667994,139.959988
5555,222.2,129.738769,139.914691
5556,222.24,129.785099,139.884228
5557,222.28,129.8703,139.809616
5558,222.32,129.997782,139.743821
5559,222.36,130.128039,139.723451
5560,222.4,130.364269,139.621943
5561,222.44,130.611971,139.398086
5562,222.48,130.935379,139.266723
5563,222.52,131.269647,138.955891
5564,222.56,131.74351,138.810262
5565,222.6,132.19846,138.56327
5566,222.64,132.710428,138.29758
5567,222.68,133.343699,137.979319
5568,222.72,133.948186,137.651627
5569,222.76,134.555088,137.47589
5570,222.8,135.2817,137.317272
5571,222.84,136.127077,137.296034
5572,222.88,137.080221,137.279917
5573,222.92,137.910113,137.31073
5574,222.96,138.642743,137.336137
5575,223,139.322705,137.36665
5576,223.04,139.954198,137.398431
5577,223.08,140.528599,137.411057
5578,223.12,140.989893,137.392298
5579,223.16,141.350266,137.353348
5580,223.2,141.595726,137.329561
5581,223.24,141.767396,137.264366
5582,223.28,141.891781,137.249378
5583,223.32,141.922791,137.188034
5584,223.36,141.877604,137.045817
5585,223.4,141.82669,136.912981
5586,223.44,141.769207,136.785213
5587,223.48,141.761947,136.72172
5588,223.52,141.790326,136.728925
5589,223.56,141.844053,136.731665
5590,223.6,141.972382,136.734933
5591,223.64,142.202128,136.726839
5592,223.68,142.268074,136.718712
5593,223.72,142.295004,136.75584
5594,223.76,142.302699,136.833429
5595,223.8,142.283386,136.915475
5596,223.84,142.182854,136.961851
5597,223.88,142.020129,137.002075
5598,223.92,141.68341,137.060326
5599,223.96,141.328139,137.091233
5600,224,140.896789,137.103259
5601,224.04,140.390278,137.150463
5602,224.08,139.832182,137.186525
5603,224.12,139.194787,137.228881
5604,224.16,138.582246,137.247843
5605,224.2,137.997335,137.194167
5606,224.24,137.263817,137.028233
5607,224.28,136.492169,136.985593
5608,224.32,135.67647,136.966517
5609,224.36,134.947337,137.049586
5610,224.4,134.279466,137.182615
5611,224.44,133.662346,137.291974
5612,224.48,133.121592,137.515998
5613,224.52,132.501761,137.783644
5614,224.56,131.917158,138.033548
5615,224.6,131.331678,138.241902
5616,224.64,130.843073,138.388602
5617,224.68,130.398889,138.456782
5618,224.72,129.990113,138.582049
5619,224.76,129.643841,138.666316
5620,224.8,129.317907,138.733438
5621,224.84,129.017012,138.785937
5622,224.88,128.787654,138.830952
5623,224.92,128.559628,138.817973
5624,224.96,128.433888,138.822518
5625,225,128.336829,138.866726
5626,225.04,128.252147,138.808171
5627,225.08,128.212807,138.751143
5628,225.12,128.200228,138.586571
5629,225.16,128.202286,138.393991
5630,225.2,128.219987,138.254902
5631,225.24,128.270652,138.200621
5632,225.28,128.39417,138.18673
5633,225.32,128.503788,138.236979
5634,225.36,128.585258,138.294302
5635,225.4,128.634392,138.392408
5636,225.44,128.61381,138.532684
5637,225.48,128.646842,138.668611
5638,225.52,128.591849,138.770565
5639,225.56,128.583837,138.795856
5640,225.6,128.573014,138.799282
5641,225.64,128.5771,138.746545
5642,225.68,128.625484,138.73789
5643,225.72,128.689631,138.683393
5644,225.76,128.780936,138.609314
5645,225.8,128.937657,138.577255
5646,225.84,129.177519,138.554268
5647,225.88,129.545812,138.394627
5648,225.92,129.92485,138.149807
5649,225.96,130.341156,137.904251
5650,226,130.712599,137.62662
5651,226.04,131.314838,137.413554
5652,226.08,131.931805,137.21648
5653,226.12,132.776303,137.086108
5654,226.16,133.573312,136.826334
5655,226.2,134.451051,136.645119
5656,226.24,135.368951,136.563448
5657,226.28,136.358703,136.517217
5658,226.32,137.357405,136.494691
5659,226.36,138.390367,136.488305
5660,226.4,139.193151,136.525307
5661,226.44,139.953493,136.564805
5662,226.48,140.679862,136.677219
5663,226.52,141.27605,136.703659
5664,226.56,141.781161,136.720901
5665,226.6,142.22105,136.722381
5666,226.64,142.512771,136.69452
5667,226.68,142.736845,136.699133
5668,226.72,142.866265,136.641683
5669,226.76,143.082074,136.617974
5670,226.8,143.109636,136.539675
5671,226.84,143.16608,136.421983
5672,226.88,143.175233,136.297738
5673,226.92,143.23455,136.251879
5674,226.96,143.341812,136.187613
5675,227,143.510824,136.203945
5676,227.04,143.577332,136.232654
5677,227.08,143.624819,136.25367
5678,227.12,143.658306,136.201684
5679,227.16,143.677334,136.15363
5680,227.2,143.680186,136.087899
5681,227.24,143.65754,136.086019
5682,227.28,143.606877,136.11847
5683,227.32,143.5399,136.16255
5684,227.36,143.379788,136.182738
5685,227.4,143.169686,136.232864
5686,227.44,142.881839,136.302605
5687,227.48,142.571932,136.345892
5688,227.52,142.139077,136.36429
5689,227.56,141.668453,136.366619
5690,227.6,141.139405,136.375441
5691,227.64,140.587938,136.42582
5692,227.68,139.984055,136.335762
5693,227.72,139.236301,136.209987
5694,227.76,138.394033,136.189901
5695,227.8,137.477912,136.168598
5696,227.84,136.633138,136.227257
5697,227.88,135.758752,136.306714
5698,227.92,134.912262,136.414281
5699,227.96,134.151777,136.549523
5700,228,133.480118,136.739053
5701,228.04,132.874214,136.873886
5702,228.08,132.284975,137.054366
5703,228.12,131.803941,137.220357
5704,228.16,131.305813,137.306276
5705,228.2,130.85685,137.42417
5706,228.24,130.451459,137.56354
5707,228.28,130.038085,137.612145
5708,228.32,129.68007,137.749029
5709,228.36,129.311546,137.854847
5710,228.4,129.09539,137.869942
5711,228.44,128.919865,137.899804
5712,228.48,128.71264,137.888702
5713,228.52,128.492504,137.836131
5714,228.56,128.322114,137.834016
5715,228.6,128.161975,137.7118
5716,228.64,127.96919,137.486543
5717,228.68,127.811829,137.275629
5718,228.72,127.739544,137.179395
5719,228.76,127.723556,137.111806
5720,228.8,127.838947,137.130049
5721,228.84,127.960324,137.214059
5722,228.88,128.129261,137.413136
5723,228.92,128.189142,137.61045
5724,228.96,128.202087,137.728406
5725,229,128.22586,137.788329
5726,229.04,128.217834,137.800628
5727,229.08,128.240893,137.82549
5728,229.12,128.256821,137.820946
5729,229.16,128.349824,137.829914
5730,229.2,128.478036,137.830398
5731,229.24,128.598636,137.772312
5732,229.28,128.758984,137.750444
5733,229.32,129.053163,137.676729
5734,229.36,129.36567,137.617797
5735,229.4,129.763054,137.463246
5736,229.44,130.238338,137.292729
5737,229.48,130.733252,137.065812
5738,229.52,131.228897,136.929673
5739,229.56,131.857246,136.807158
5740,229.6,132.602728,136.594287
5741,229.64,133.449893,136.389732
5742,229.68,134.292195,136.173334
5743,229.72,135.213066,135.993657
5744,229.76,136.112822,135.873276
5745,229.8,136.980312,135.81917
5746,229.84,137.760833,135.847409
5747,229.88,138.475591,135.963981
5748,229.92,139.0637,136.020421
5749,229.96,139.62039,136.082766
5750,230,140.087781,136.175578
5751,230.04,140.556953,136.226708
5752,230.08,140.973209,136.289327
5753,230.12,141.243139,136.324245
5754,230.16,141.439438,136.374976
5755,230.2,141.481341,136.345715
5756,230.24,141.490128,136.34171
5757,230.28,141.458604,136.318834
5758,230.32,141.327333,136.173309
5759,230.36,141.074714,136.028707
5760,230.4,140.876061,135.878637
5761,230.44,140.721009,135.738285
5762,230.48,140.590069,135.664239
5763,230.52,140.603437,135.645975
5764,230.56,140.675395,135.648387
5765,230.6,140.816575,135.753956
5766,230.64,140.864155,135.842715
5767,230.68,140.860374,135.890483
5768,230.72,140.848239,135.923841
5769,230.76,140.780911,135.986471
5770,230.8,140.63358,136.075033
5771,230.84,140.459772,136.116765
5772,230.88,140.169616,136.168693
5773,230.92,139.768386,136.207207
5774,230.96,139.290549,136.20872
5775,231,138.84904,136.269818
5776,231.04,138.258339,136.322043
5777,231.08,137.533607,136.311241
5778,231.12,136.856201,136.347874
5779,231.16,136.124434,136.263353
5780,231.2,135.350365,136.095539
5781,231.24,134.537241,136.079187
5782,231.28,133.778741,136.096745
5783,231.32,133.104198,136.252176
5784,231.36,132.447157,136.476033
5785,231.4,131.846178,136.70495
5786,231.44,131.240155,136.875443
5787,231.48,130.657532,137.10624
5788,231.52,130.067339,137.220588
5789,231.56,129.569574,137.453933
5790,231.6,129.091909,137.582533
5791,231.64,128.655887,137.68402
5792,231.68,128.370774,137.88058
5793,231.72,128.077192,138.033856
5794,231.76,127.812037,138.206802
5795,231.8,127.65338,138.295732
5796,231.84,127.519462,138.382588
5797,231.88,127.381789,138.408527
5798,231.92,127.222238,138.410541
5799,231.96,127.108883,138.436006
5800,232,126.975171,138.349827
5801,232.04,126.855615,138.24373
5802,232.08,126.764578,138.021742
5803,232.12,126.756925,137.605575
5804,232.16,126.841672,137.308281
5805,232.2,127.045135,137.065129
5806,232.24,127.309313,136.955565
5807,232.28,127.543531,136.980097
5808,232.32,127.72215,137.116005
5809,232.36,127.831935,137.238906
5810,232.4,127.868613,137.410088
5811,232.44,127.916642,137.607267
5812,232.48,127.955742,137.724801
5813,232.52,127.976878,137.82816
5814,232.56,128.025322,137.886944
5815,232.6,128.059173,137.881288
5816,232.64,128.05879,137.871809
5817,232.68,128.143936,137.852323
5818,232.72,128.235166,137.83751
5819,232.76,128.29109,137.757561
5820,232.8,128.330487,137.657236
5821,232.84,128.375416,137.452576
5822,232.88,128.468142,137.129515
5823,232.92,128.577746,136.712207
5824,232.96,128.75628,136.165498
5825,233,128.953863,135.726211
5826,233.04,129.343643,135.299742
5827,233.08,129.886808,134.845854
5828,233.12,130.557453,134.421763
5829,233.16,131.460153,134.103303
5830,233.2,132.445856,133.8185
5831,233.24,133.59433,133.614737
5832,233.28,134.714868,133.38826
5833,233.32,135.884431,133.162087
5834,233.36,137.066186,132.885729
5835,233.4,138.286586,132.656352
5836,233.44,139.566728,132.511426
5837,233.48,140.622615,132.524815
5838,233.52,141.6592,132.595997
5839,233.56,142.511084,132.687341
5840,233.6,143.253522,132.89736
5841,233.64,143.763291,133.050073
5842,233.68,144.025856,133.136705
5843,233.72,143.968106,133.166535
5844,233.76,143.605567,133.105535
5845,233.8,143.025296,133.024642
5846,233.84,142.245761,132.751968
5847,233.88,141.408277,132.484341
5848,233.92,140.507276,132.19634
5849,233.96,139.710906,131.981838
5850,234,139.086966,131.828967
5851,234.04,138.626492,131.648548
5852,234.08,138.424832,131.54898
5853,234.12,138.369536,131.479833
5854,234.16,138.431733,131.412816
5855,234.2,138.519416,131.486367
5856,234.24,138.581252,131.612217
5857,234.28,138.594873,131.7007
5858,234.32,138.574454,131.829729
5859,234.36,138.501699,132.012695
5860,234.4,138.145639,132.101975
5861,234.44,137.71917,132.230722
5862,234.48,137.113008,132.34879
5863,234.52,136.454138,132.448534
5864,234.56,135.610829,132.548036
5865,234.6,134.675402,132.754962
5866,234.64,133.676896,132.961882
5867,234.68,132.602553,133.01907
5868,234.72,131.524305,132.881724
5869,234.76,130.441982,132.690771
5870,234.8,129.541864,132.589166
5871,234.84,128.628594,132.549976
5872,234.88,127.853477,132.538949
5873,234.92,127.16983,132.591752
5874,234.96,126.554269,132.744696
5875,235,125.866476,132.896815
5876,235.04,125.409367,133.11671
5877,235.08,124.733167,133.291515
5878,235.12,123.983471,133.495027
5879,235.16,123.156603,133.740241
5880,235.2,122.527958,133.894009
5881,235.24,121.97741,134.04614
5882,235.28,121.421671,134.178754
5883,235.32,120.961608,134.275433
5884,235.36,120.525252,134.349476
5885,235.4,120.246813,134.398662
5886,235.44,120.018788,134.444535
5887,235.48,119.83141,134.492658
5888,235.52,119.725132,134.561845
5889,235.56,119.616883,134.503085
5890,235.6,119.580715,134.331696
5891,235.64,119.551514,134.109728
5892,235.68,119.542949,133.89819
5893,235.72,119.596215,133.743257
5894,235.76,119.6012,133.572474
5895,235.8,119.642324,133.539127
5896,235.84,119.713761,133.509526
5897,235.88,119.765258,133.526145
5898,235.92,119.885983,133.572675
5899,235.96,120.005986,133.664564
5900,236,120.23086,133.744951
5901,236.04,120.374476,133.786328
5902,236.08,120.576003,133.835652
5903,236.12,120.875551,133.888327
5904,236.16,121.092562,133.898074
5905,236.2,121.412138,133.848258
5906,236.24,121.756318,133.806188
5907,236.28,122.313654,133.797718
5908,236.32,122.92867,133.753221
5909,236.36,123.601943,133.621147
5910,236.4,124.422275,133.446474
5911,236.44,125.22412,133.191424
5912,236.48,126.118446,132.988476
5913,236.52,127.071312,132.877878
5914,236.56,128.047521,132.798855
5915,236.6,129.002018,132.712126
5916,236.64,130.023078,132.698963
5917,236.68,131.070591,132.714359
5918,236.72,132.086432,132.733254
5919,236.76,133.106014,132.702868
5920,236.8,134.162301,132.670891
5921,236.84,135.046284,132.598069
5922,236.88,135.872596,132.457798
5923,236.92,136.647898,132.363761
5924,236.96,137.454162,132.284261
5925,237,138.120393,132.264141
5926,237.04,138.760111,132.328873
5927,237.08,139.278402,132.291725
5928,237.12,139.704734,132.28245
5929,237.16,139.963794,132.185635
5930,237.2,140.251271,132.18963
5931,237.24,140.27049,132.107831
5932,237.28,140.244023,132.006323
5933,237.32,140.250104,131.91025
5934,237.36,140.16466,131.749087
5935,237.4,140.090104,131.624549
5936,237.44,140.013322,131.54819
5937,237.48,140.014033,131.541371
5938,237.52,140.07928,131.542038
5939,237.56,140.126524,131.581679
5940,237.6,140.137649,131.567915
5941,237.64,140.130526,131.644124
5942,237.68,140.122757,131.654369
5943,237.72,140.101662,131.706841
5944,237.76,140.035728,131.738055
5945,237.8,139.795283,131.764842
5946,237.84,139.538408,131.834284
5947,237.88,139.13854,131.964593
5948,237.92,138.682191,132.063539
5949,237.96,138.032782,132.10524
5950,238,137.3332,132.22605
5951,238.04,136.578997,132.405085
5952,238.08,135.705692,132.61266
5953,238.12,134.805217,132.682879
5954,238.16,134.035511,132.706943
5955,238.2,133.057185,132.700533
5956,238.24,132.146695,132.756791
5957,238.28,131.413657,132.775379
5958,238.32,130.84401,132.828427
5959,238.36,130.304988,132.850179
5960,238.4,129.883737,132.881608
5961,238.44,129.410521,132.980652
5962,238.48,128.919503,133.137588
5963,238.52,128.345494,133.309614
5964,238.56,127.807119,133.536567
5965,238.6,127.294152,133.675589
5966,238.64,126.775729,133.94515
5967,238.68,126.275899,134.075324
5968,238.72,125.729994,134.163864
5969,238.76,125.44642,134.327905
5970,238.8,125.041682,134.426771
5971,238.84,124.70861,134.552909
5972,238.88,124.453933,134.616915
5973,238.92,124.272632,134.677603
5974,238.96,124.085822,134.650239
5975,239,123.80453,134.610927
5976,239.04,123.705019,134.558613
5977,239.08,123.504089,134.27941
5978,239.12,123.484475,134.054664
5979,239.16,123.362476,133.939914
5980,239.2,123.315849,133.830961
5981,239.24,123.30733,133.773638
5982,239.28,123.275765,133.735393
5983,239.32,123.272543,133.736125
5984,239.36,123.288013,133.754634
5985,239.4,123.302875,133.806906
5986,239.44,123.361264,133.92217
5987,239.48,123.391238,134.024565
5988,239.52,123.404614,134.076372
5989,239.56,123.42039,134.07904
5990,239.6,123.562214,134.085458
5991,239.64,123.759161,134.104286
5992,239.68,123.917235,134.015553
5993,239.72,124.170659,134.056905
5994,239.76,124.574836,134.021182
5995,239.8,125.09923,133.97552
5996,239.84,125.630532,133.933702
5997,239.88,126.191979,133.78
5998,239.92,126.94423,133.590525
5999,239.96,127.647784,133.416334
6000,240,128.414212,133.342256
6001,240.04,129.234756,133.216218
6002,240.08,130.01604,133.098491
6003,240.12,130.98442,133.086089
6004,240.16,132.000203,133.055513
6005,240.2,133.031276,132.991176
6006,240.24,134.101331,132.995422
6007,240.28,135.210105,132.931949
6008,240.32,136.025919,132.768341
6009,240.36,136.993362,132.713254
6010,240.4,137.842128,132.64756
6011,240.44,138.737969,132.645094
6012,240.48,139.491583,132.634439
6013,240.52,140.143112,132.664017
6014,240.56,140.63169,132.644339
6015,240.6,140.986687,132.687511
6016,240.64,141.171097,132.699105
6017,240.68,141.322469,132.662287
6018,240.72,141.338686,132.653752
6019,240.76,141.304626,132.623492
6020,240.8,141.282737,132.556379
6021,240.84,141.180367,132.452863
6022,240.88,141.066021,132.329977
6023,240.92,141.044631,132.286434
6024,240.96,141.051869,132.271851
6025,241,141.109046,132.193355
6026,241.04,141.089424,132.17638
6027,241.08,141.137258,132.118681
6028,241.12,141.161877,132.102697
6029,241.16,141.156136,132.110695
6030,241.2,141.167321,132.130924
6031,241.24,141.135902,132.126199
6032,241.28,141.03122,132.135843
6033,241.32,140.846979,132.173794
6034,241.36,140.577991,132.296756
6035,241.4,140.164627,132.329727
6036,241.44,139.590156,132.346023
6037,241.48,138.99127,132.381017
6038,241.52,138.277172,132.490893
6039,241.56,137.495865,132.628645
6040,241.6,136.608114,132.762439
6041,241.64,135.713044,132.841857
6042,241.68,134.66887,132.956173
6043,241.72,133.582831,133.045185
6044,241.76,132.685391,133.108387
6045,241.8,131.83444,133.171223
6046,241.84,131.116525,133.238031
6047,241.88,130.306856,133.32244
6048,241.92,129.626015,133.402228
6049,241.96,128.954827,133.435187
6050,242,128.372225,133.551786
6051,242.04,127.762336,133.66631
6052,242.08,127.209629,133.762487
6053,242.12,126.620284,133.914527
6054,242.16,126.057206,134.073699
6055,242.2,125.528024,134.123957
6056,242.24,125.200337,134.316463
6057,242.28,124.72763,134.403246
6058,242.32,124.322877,134.500668
6059,242.36,124.00331,134.535494
6060,242.4,123.702164,134.571099
6061,242.44,123.482966,134.593019
6062,242.48,123.212032,134.553508
6063,242.52,123.117699,134.516226
6064,242.56,123.023987,134.295026
6065,242.6,123.012289,134.044231
6066,242.64,122.956232,133.935278
6067,242.68,122.934276,133.890794
6068,242.72,122.940628,133.864717
6069,242.76,122.931638,133.864329
6070,242.8,122.999236,133.86722
6071,242.84,123.022694,133.916039
6072,242.88,123.01983,133.937255
6073,242.92,123.093621,133.948761
6074,242.96,123.089212,133.951026
6075,243,123.138455,133.950161
6076,243.04,123.218472,133.948426
6077,243.08,123.30352,133.949859
6078,243.12,123.513347,133.999565
6079,243.16,123.677211,133.954416
6080,243.2,123.961088,133.980696
6081,243.24,124.373496,133.979237
6082,243.28,124.888037,133.940507
6083,243.32,125.381146,133.910073
6084,243.36,126.015836,133.851652
6085,243.4,126.733503,133.596481
6086,243.44,127.566112,133.38863
6087,243.48,128.483903,133.324304
6088,243.52,129.603915,133.206575
6089,243.56,130.907448,133.08219
6090,243.6,132.189228,133.029625
6091,243.64,133.571538,132.934551
6092,243.68,135.060851,132.856656
6093,243.72,136.471675,132.808583
6094,243.76,137.744892,132.703669
6095,243.8,138.976495,132.522128
6096,243.84,140.152337,132.338635
6097,243.88,141.339215,132.244796
6098,243.92,142.423011,132.247256
6099,243.96,143.469718,132.333808
6100,244,144.41785,132.437001
6101,244.04,145.228891,132.544369
6102,244.08,145.837142,132.654289
6103,244.12,146.297824,132.712667
6104,244.16,146.587909,132.756749
6105,244.2,146.723372,132.759401
6106,244.24,146.759341,132.68374
6107,244.28,146.636871,132.580159
6108,244.32,146.488268,132.432214
6109,244.36,146.267977,132.282178
6110,244.4,146.072303,132.116001
6111,244.44,145.926871,132.084909
6112,244.48,145.854627,132.0111
6113,244.52,145.829624,131.957855
6114,244.56,145.781088,131.922154
6115,244.6,145.730052,131.961122
6116,244.64,145.719826,131.942684
6117,244.68,145.666457,132.017789
6118,244.72,145.634371,132.09678
6119,244.76,145.605503,132.214251
6120,244.8,145.567509,132.298899
6121,244.84,145.370522,132.396333
6122,244.88,145.093287,132.447729
6123,244.92,144.582375,132.494623
6124,244.96,143.990252,132.520414
6125,245,143.141075,132.530703
6126,245.04,142.316781,132.59517
6127,245.08,141.34003,132.648013
6128,245.12,140.319134,132.62684
6129,245.16,139.332819,132.609515
6130,245.2,138.135851,132.545624
6131,245.24,137.051156,132.596823
6132,245.28,135.855548,132.594174
6133,245.32,134.821625,132.618004
6134,245.36,133.922393,132.643571
6135,245.4,133.240304,132.78391
6136,245.44,132.606683,132.923384
6137,245.48,132.048736,133.123573
6138,245.52,131.494131,133.348425
6139,245.56,131.025932,133.542499
6140,245.6,130.657256,133.791727
6141,245.64,130.303791,134.087924
6142,245.68,129.909156,134.292933
6143,245.72,129.534845,134.527891
6144,245.76,129.252596,134.774342
6145,245.8,128.9542,135.007435
6146,245.84,128.761587,135.216158
6147,245.88,128.44243,135.342742
6148,245.92,128.195778,135.382433
6149,245.96,127.947097,135.450591
6150,246,127.599887,135.45261
6151,246.04,127.342988,135.354947
6152,246.08,127.043397,135.084816
6153,246.12,126.918091,134.781427
6154,246.16,126.774617,134.472929
6155,246.2,126.539833,134.272943
6156,246.24,126.416612,134.129999
6157,246.28,126.362607,133.987884
6158,246.32,126.33066,133.889197
6159,246.36,126.353469,133.873384
6160,246.4,126.404091,133.840047
6161,246.44,126.646225,133.901194
6162,246.48,126.861816,133.967115
6163,246.52,127.172365,134.014156
6164,246.56,127.403722,134.038768
6165,246.6,127.834976,134.09167
6166,246.64,128.256991,134.152529
6167,246.68,128.71175,134.132504
6168,246.72,129.266887,134.112871
6169,246.76,129.830583,134.070225
6170,246.8,130.477599,133.986822
6171,246.84,131.155393,133.765234
6172,246.88,131.874353,133.39835
6173,246.92,132.53219,133.148756
6174,246.96,133.365955,132.983649
6175,247,134.311455,132.886407
6176,247.04,135.325813,132.796413
6177,247.08,136.44962,132.777583
6178,247.12,137.681089,132.664326
6179,247.16,138.905392,132.528438
6180,247.2,139.996194,132.396296
6181,247.24,141.08945,132.163539
6182,247.28,142.103149,132.036877
6183,247.32,143.161766,131.976907
6184,247.36,144.180479,131.938464
6185,247.4,145.063543,131.975939
6186,247.44,145.847967,132.020003
6187,247.48,146.446756,132.090548
6188,247.52,146.921805,132.112974
6189,247.56,147.363991,132.153538
6190,247.6,147.669971,132.192971
6191,247.64,147.797181,132.169327
6192,247.68,147.801433,132.126641
6193,247.72,147.799483,132.071532
6194,247.76,147.699608,132.002411
6195,247.8,147.544047,131.885165
6196,247.84,147.367841,131.724794
6197,247.88,147.155361,131.690279
6198,247.92,146.924238,131.608722
6199,247.96,146.775539,131.552571
6200,248,146.599738,131.58855
6201,248.04,146.495987,131.591005
6202,248.08,146.41102,131.524029
6203,248.12,146.396855,131.469479
6204,248.16,146.399675,131.473608
6205,248.2,146.364096,131.526842
6206,248.24,146.348834,131.55592
6207,248.28,146.318023,131.629636
6208,248.32,146.258838,131.632992
6209,248.36,146.030072,131.746378
6210,248.4,145.675921,131.844888
6211,248.44,145.106329,131.893135
6212,248.48,144.336151,131.930519
6213,248.52,143.247388,131.959993
6214,248.56,142.010081,132.022516
6215,248.6,140.514272,132.09413
6216,248.64,138.956029,132.202827
6217,248.68,137.250683,132.293572
6218,248.72,135.448858,132.43071
6219,248.76,133.693934,132.509976
6220,248.8,131.997758,132.5351
6221,248.84,130.631781,132.545856
6222,248.88,129.458143,132.617019
6223,248.92,128.519447,132.666937
6224,248.96,127.877107,132.822113
6225,249,127.252443,133.048643
6226,249.04,126.610384,133.282636
6227,249.08,126.047174,133.587267
6228,249.12,125.554277,133.847388
6229,249.16,125.061067,134.076622
6230,249.2,124.558927,134.365443
6231,249.24,124.102183,134.554021
6232,249.28,123.667691,134.633121
6233,249.32,123.336361,134.830276
6234,249.36,122.938195,134.945003
6235,249.4,122.662525,135.010157
6236,249.44,122.397022,135.042957
6237,249.48,122.253348,135.081071
6238,249.52,122.079493,134.955543
6239,249.56,122.079943,134.697086
6240,249.6,122.157107,134.38507
6241,249.64,122.280756,134.142397
6242,249.68,122.553852,134.043139
6243,249.72,122.875669,133.947076
6244,249.76,123.197478,133.861543
6245,249.8,123.481513,133.81196
6246,249.84,123.844397,133.837734
6247,249.88,124.165394,133.903359
6248,249.92,124.310747,133.90727
6249,249.96,124.574834,133.977327
6250,250,124.856433,133.992385
6251,250.04,124.980323,133.960204
6252,250.08,125.185696,133.978372
6253,250.12,125.369932,133.907851
6254,250.16,125.656538,133.844411
6255,250.2,125.873756,133.786782
6256,250.24,126.307792,133.789594
6257,250.28,126.596613,133.676451
6258,250.32,127.171228,133.452929
6259,250.36,127.867001,133.08913
6260,250.4,128.519401,132.856832
6261,250.44,129.277416,132.693743
6262,250.48,130.153224,132.536562
6263,250.52,131.082821,132.367626
6264,250.56,132.004433,132.296933
6265,250.6,132.995917,132.248715
6266,250.64,134.062707,132.228378
6267,250.68,135.14534,132.181042
6268,250.72,136.208855,132.077824
6269,250.76,137.230298,131.995899
6270,250.8,138.302466,131.865753
6271,250.84,139.349083,131.647
6272,250.88,140.257033,131.576313
6273,250.92,141.17353,131.591428
6274,250.96,141.910992,131.613216
6275,251,142.458972,131.715126
6276,251.04,142.905883,131.769039
6277,251.08,143.119942,131.728147
6278,251.12,143.273564,131.763804
6279,251.16,143.263335,131.750957
6280,251.2,143.211064,131.659208
6281,251.24,143.045464,131.554817
6282,251.28,142.827387,131.422705
6283,251.32,142.683361,131.229815
6284,251.36,142.555848,131.059274
6285,251.4,142.515418,130.94927
6286,251.44,142.652713,130.83401
6287,251.48,142.844784,130.753969
6288,251.52,142.93916,130.739741
6289,251.56,143.062021,130.791765
6290,251.6,143.144298,130.874511
6291,251.64,143.177575,130.971574
6292,251.68,143.116616,131.040208
6293,251.72,142.850965,131.083632
6294,251.76,142.464648,131.228436
6295,251.8,141.824482,131.324061
6296,251.84,140.986648,131.39043
6297,251.88,140.17782,131.463292
6298,251.92,139.13103,131.594178
6299,251.96,138.012007,131.794184
6300,252,136.789279,131.997354
6301,252.04,135.412341,131.982794
6302,252.08,134.02074,131.617634
6303,252.12,132.615916,131.353636
6304,252.16,131.551882,131.306861
6305,252.2,130.661806,131.31713
6306,252.24,129.919351,131.374574
6307,252.28,129.322299,131.474173
6308,252.32,128.869456,131.661827
6309,252.36,128.395823,131.870075
6310,252.4,127.990658,132.062149
6311,252.44,127.723244,132.279549
6312,252.48,127.604503,132.52238
6313,252.52,127.472253,132.763469
6314,252.56,127.43781,132.99213
6315,252.6,127.401023,133.228174
6316,252.64,127.395361,133.500351
6317,252.68,127.437732,133.708826
6318,252.72,127.461156,133.920559
6319,252.76,127.463646,134.116142
6320,252.8,127.49658,134.30669
6321,252.84,127.461712,134.392629
6322,252.88,127.346647,134.395473
6323,252.92,127.197274,134.38223
6324,252.96,127.149128,134.252041
6325,253,127.092994,134.044806
6326,253.04,127.00962,133.771717
6327,253.08,126.998324,133.529731
6328,253.12,127.061091,133.298881
6329,253.16,127.119412,133.186918
6330,253.2,127.234923,133.019219
6331,253.24,127.502055,132.871595
6332,253.28,127.729305,132.843726
6333,253.32,128.108864,132.946603
6334,253.36,128.59298,133.110973
6335,253.4,129.038874,133.281118
6336,253.44,129.454234,133.450493
6337,253.48,129.86168,133.551131
6338,253.52,130.283336,133.767293
6339,253.56,130.640239,133.846536
6340,253.6,131.074397,133.820094
6341,253.64,131.542548,133.858858
6342,253.68,132.043191,133.836587
6343,253.72,132.584188,133.761973
6344,253.76,133.247106,133.744779
6345,253.8,134.014128,133.666959
6346,253.84,134.851328,133.523768
6347,253.88,135.746776,133.424509
6348,253.92,136.601551,133.388204
6349,253.96,137.474677,133.286196
6350,254,138.310991,133.034589
6351,254.04,139.214801,132.722629
6352,254.08,140.155062,132.568729
6353,254.12,141.125052,132.539235
6354,254.16,142.116315,132.556936
6355,254.2,143.006902,132.639468
6356,254.24,143.75026,132.755689
6357,254.28,144.452196,132.874933
6358,254.32,145.060868,132.963836
6359,254.36,145.581864,133.112863
6360,254.4,146.009779,133.237324
6361,254.44,146.273438,133.280722
6362,254.48,146.405325,133.350364
6363,254.52,146.38552,133.336349
6364,254.56,146.228306,133.315596
6365,254.6,145.830045,133.226491
6366,254.64,145.263198,133.119473
6367,254.68,144.542294,132.873796
6368,254.72,143.729311,132.698543
6369,254.76,142.788067,132.420379
6370,254.8,142.042428,132.177196
6371,254.84,141.529378,131.94884
6372,254.88,141.442856,131.776544
6373,254.92,141.718505,131.660161
6374,254.96,142.061905,131.701101
6375,255,142.343604,131.846505
6376,255.04,142.401463,132.02566
6377,255.08,142.330188,132.219011
6378,255.12,142.088431,132.441495
6379,255.16,141.66478,132.590722
6380,255.2,141.184046,132.81761
6381,255.24,140.615973,133.040236
6382,255.28,140.003359,133.338611
6383,255.32,139.293003,133.527559
6384,255.36,138.59938,133.707111
6385,255.4,137.800268,133.743203
6386,255.44,136.95716,133.820095
6387,255.48,135.973021,133.829864
6388,255.52,134.958629,133.749707
6389,255.56,133.860027,133.664577
6390,255.6,132.774497,133.524561
6391,255.64,131.739957,133.422289
6392,255.68,130.929004,133.386088
6393,255.72,130.263208,133.423023
6394,255.76,129.849416,133.575058
6395,255.8,129.599914,133.869134
6396,255.84,129.470997,134.240061
6397,255.88,129.452143,134.597623
6398,255.92,129.349684,134.997734
6399,255.96,129.212499,135.373155
6400,256,129.015363,135.655691
6401,256.04,128.875853,135.88157
6402,256.08,128.669656,136.133775
6403,256.12,128.528289,136.313087
6404,256.16,128.375315,136.421059
6405,256.2,128.211725,136.528543
6406,256.24,128.04537,136.574667
6407,256.28,127.875341,136.604095
6408,256.32,127.769964,136.546927
6409,256.36,127.708295,136.484444
6410,256.4,127.664679,136.399506
6411,256.44,127.701712,136.231104
6412,256.48,127.736043,135.990876
6413,256.52,127.825096,135.791929
6414,256.56,127.887567,135.585548
6415,256.6,127.903785,135.366352
6416,256.64,127.91514,135.182002
6417,256.68,127.970478,135.07302
6418,256.72,128.033358,134.980335
6419,256.76,128.106082,135.017483
6420,256.8,128.162618,135.03399
6421,256.84,128.25864,135.050038
6422,256.88,128.378753,135.082359
6423,256.92,128.583048,135.112475
6424,256.96,128.81455,135.082655
6425,257,128.968531,135.025865
6426,257.04,129.220064,134.889953
6427,257.08,129.531272,134.702671
6428,257.12,129.874045,134.476925
6429,257.16,130.251309,134.201359
6430,257.2,130.698667,133.890578
6431,257.24,131.248474,133.51819
6432,257.28,131.841116,133.054515
6433,257.32,132.544661,132.645299
6434,257.36,133.346732,132.342267
6435,257.4,134.239521,132.099918
6436,257.44,135.242435,131.867876
6437,257.48,136.274065,131.639232
6438,257.52,137.308061,131.348299
6439,257.56,138.336008,131.075206
6440,257.6,139.38297,130.811485
6441,257.64,140.467228,130.626692
6442,257.68,141.489271,130.524766
6443,257.72,142.469221,130.514248
6444,257.76,143.430168,130.566428
6445,257.8,144.237731,130.621712
6446,257.84,144.927015,130.73797
6447,257.88,145.514267,130.821904
6448,257.92,146.042843,130.868916
6449,257.96,146.399018,130.90904
6450,258,146.71963,131.000806
6451,258.04,146.862617,130.995082
6452,258.08,146.957585,130.965116
6453,258.12,146.927523,130.968876
6454,258.16,146.788537,130.876651
6455,258.2,146.469548,130.713868
6456,258.24,145.959666,130.492961
6457,258.28,145.227737,130.268921
6458,258.32,144.44203,129.990368
6459,258.36,143.627127,129.872911
6460,258.4,142.692625,129.682623
6461,258.44,141.914942,129.525228
6462,258.48,141.33999,129.292584
6463,258.52,141.180144,129.123235
6464,258.56,141.375491,129.096226
6465,258.6,141.787532,129.110695
6466,258.64,142.168926,129.176568
6467,258.68,142.39179,129.279661
6468,258.72,142.438621,129.406987
6469,258.76,142.291194,129.583
6470,258.8,141.96266,129.711474
6471,258.84,141.510273,129.83209
6472,258.88,140.908579,129.897599
6473,258.92,140.052442,129.942674
6474,258.96,139.210412,130.024927
6475,259,138.149807,130.048231
6476,259.04,137.014603,130.081824
6477,259.08,135.734554,130.047108
6478,259.12,134.523777,129.948136
6479,259.16,133.303817,129.893502
6480,259.2,132.188448,129.976949
6481,259.24,131.245182,129.993261
6482,259.28,130.354604,129.963575
6483,259.32,129.620833,129.968608
6484,259.36,128.879151,130.005092
6485,259.4,128.241851,130.118955
6486,259.44,127.600741,130.329507
6487,259.48,126.895768,130.560076
6488,259.52,126.25494,130.8354
6489,259.56,125.537516,131.140509
6490,259.6,124.694553,131.369608
6491,259.64,123.938761,131.691521
6492,259.68,123.326275,131.875113
6493,259.72,122.786132,132.040234
6494,259.76,122.263037,132.218172
6495,259.8,121.791527,132.328387
6496,259.84,121.343607,132.40662
6497,259.88,121.022836,132.560762
6498,259.92,120.614834,132.659584
6499,259.96,120.257591,132.719744
6500,260,119.977177,132.694426
6501,260.04,119.820602,132.406796
6502,260.08,119.744006,132.070409
6503,260.12,119.800851,131.82733
6504,260.16,119.822697,131.637977
6505,260.2,119.917104,131.468252
6506,260.24,120.06229,131.358109
6507,260.28,120.119776,131.367796
6508,260.32,120.222926,131.40685
6509,260.36,120.356314,131.496875
6510,260.4,120.49291,131.616422
6511,260.44,120.62318,131.658237
6512,260.48,120.898433,131.705061
6513,260.52,121.112097,131.744618
6514,260.56,121.354221,131.702603
6515,260.6,121.725582,131.655251
6516,260.64,122.226248,131.585587
6517,260.68,122.822361,131.485433
6518,260.72,123.537844,131.361824
6519,260.76,124.372612,131.293143
6520,260.8,125.280801,131.227691
6521,260.84,126.283951,130.999666
6522,260.88,127.313068,130.732863
6523,260.92,128.371717,130.517302
6524,260.96,129.403867,130.39023
6525,261,130.638154,130.247427
6526,261.04,131.95016,130.161216
6527,261.08,133.412671,130.083142
6528,261.12,134.887823,130.069445
6529,261.16,136.211376,129.90308
6530,261.2,137.574225,129.741846
6531,261.24,138.833236,129.519417
6532,261.28,140.172498,129.50887
6533,261.32,141.430188,129.507227
6534,261.36,142.631093,129.636618
6535,261.4,143.797402,129.664434
6536,261.44,144.745717,129.847139
6537,261.48,145.489466,129.921765
6538,261.52,145.973158,130.030764
6539,261.56,146.347262,130.016226
6540,261.6,146.455474,130.037314
6541,261.64,146.42935,129.942227
6542,261.68,146.343412,129.85859
6543,261.72,146.165209,129.689564
6544,261.76,145.896196,129.536225
6545,261.8,145.61118,129.316493
6546,261.84,145.329527,129.256865
6547,261.88,145.054055,129.226756
6548,261.92,144.859287,129.218163
6549,261.96,144.8005,129.176353
6550,262,144.805588,129.150295
6551,262.04,144.915398,129.11084
6552,262.08,145.130787,129.138861
6553,262.12,145.31897,129.189204
6554,262.16,145.536056,129.235986
6555,262.2,145.6275,129.28139
6556,262.24,145.648811,129.419988
6557,262.28,145.499177,129.448457
6558,262.32,145.257083,129.584481
6559,262.36,144.84209,129.595815
6560,262.4,144.428911,129.616096
6561,262.44,143.823066,129.648361
6562,262.48,143.180277,129.773927
6563,262.52,142.356588,129.783625
6564,262.56,141.569268,129.8525
6565,262.6,140.752374,129.782654
6566,262.64,139.871536,129.775637
6567,262.68,138.738786,129.815496
6568,262.72,137.637287,129.95243
6569,262.76,136.517955,130.00299
6570,262.8,135.401808,130.062228
6571,262.84,134.46678,130.129258
6572,262.88,133.696833,130.303411
6573,262.92,133.166235,130.499049
6574,262.96,132.669458,130.807794
6575,263,132.266769,131.058032
6576,263.04,132.048463,131.405869
6577,263.08,131.670118,131.631516
6578,263.12,131.46574,131.948993
6579,263.16,131.090142,132.21968
6580,263.2,130.723612,132.449855
6581,263.24,130.412397,132.642763
6582,263.28,130.001026,132.779702
6583,263.32,129.4658,132.802368
6584,263.36,129.018354,132.843051
6585,263.4,128.398463,132.841426
6586,263.44,127.808829,132.843789
6587,263.48,127.305752,132.795076
6588,263.52,126.852036,132.522438
6589,263.56,126.394684,132.204456
6590,263.6,126.262786,131.977863
6591,263.64,126.087255,131.794288
6592,263.68,126.059856,131.7468
6593,263.72,126.051387,131.593004
6594,263.76,126.221828,131.549821
6595,263.8,126.381052,131.557847
6596,263.84,126.819647,131.742405
6597,263.88,127.109341,131.841058
6598,263.92,127.583946,132.053152
6599,263.96,127.961721,132.132053
6600,264,128.503769,132.261749
6601,264.04,128.936868,132.276219
6602,264.08,129.555774,132.387882
6603,264.12,130.265159,132.436544
6604,264.16,131.21577,132.489473
6605,264.2,132.116382,132.562275
6606,264.24,133.047268,132.646214
6607,264.28,133.879951,132.57359
6608,264.32,134.751147,132.385747
6609,264.36,135.774989,132.186986
6610,264.4,136.938102,132.023511
6611,264.44,138.167837,131.789138
6612,264.48,139.682896,131.461698
6613,264.52,141.26005,131.173149
6614,264.56,142.821922,131.167033
6615,264.6,144.344161,131.401482
6616,264.64,145.906883,131.681223
6617,264.68,147.308756,132.005066
6618,264.72,148.437704,132.294222
6619,264.76,149.454563,132.397132
6620,264.8,150.223861,132.638703
6621,264.84,150.853173,132.760132
6622,264.88,151.376506,132.949094
6623,264.92,151.650661,133.000987
6624,264.96,151.780846,133.078115
6625,265,151.778797,133.060498
6626,265.04,151.748822,133.041297
6627,265.08,151.490488,132.989011
6628,265.12,151.26061,132.865928
6629,265.16,150.928979,132.73121
6630,265.2,150.552598,132.615262
6631,265.24,150.000051,132.398738
6632,265.28,149.266081,132.204554
6633,265.32,148.396366,131.934572
6634,265.36,147.413353,131.757146
6635,265.4,146.29881,131.588244
6636,265.44,145.149088,131.498437
6637,265.48,143.915842,131.344611
6638,265.52,142.97697,131.326666
6639,265.56,142.288314,131.370275
6640,265.6,142.120296,131.548211
6641,265.64,142.006386,131.807
6642,265.68,142.109712,132.103056
6643,265.72,142.162757,132.453979
6644,265.76,141.97881,132.760151
6645,265.8,141.451211,133.071081
6646,265.84,140.73781,133.275225
6647,265.88,139.800188,133.400467
6648,265.92,138.679259,133.400473
6649,265.96,137.448588,133.344729
6650,266,136.057547,133.343797
6651,266.04,134.590254,133.341009
6652,266.08,133.25835,133.181903
6653,266.12,131.994271,132.934106
6654,266.16,130.730501,132.718558
6655,266.2,129.464107,132.591764
6656,266.24,128.403842,132.480711
6657,266.28,127.256828,132.412777
6658,266.32,126.360156,132.386249
6659,266.36,125.404122,132.408989
6660,266.4,124.68766,132.426009
6661,266.44,123.73713,132.488588
6662,266.48,123.117089,132.608666
6663,266.52,122.309916,132.61786
6664,266.56,121.628882,132.585938
6665,266.6,120.933615,132.617801
6666,266.64,120.419963,132.713399
6667,266.68,119.888569,132.76308
6668,266.72,119.673428,132.86752
6669,266.76,119.3304,132.936342
6670,266.8,119.25587,133.018283
6671,266.84,119.093248,132.98526
6672,266.88,119.224187,132.975542
6673,266.92,119.125412,132.801591
6674,266.96,119.33694,132.587072
6675,267,119.44051,132.195713
6676,267.04,119.74961,131.823124
6677,267.08,119.873503,131.521238
6678,267.12,120.307584,131.340217
6679,267.16,120.466664,131.13825
6680,267.2,120.781103,131.012348
6681,267.24,120.952828,130.929878
6682,267.28,121.067616,130.91913
6683,267.32,120.910927,130.915522
6684,267.36,120.933296,131.00443
6685,267.4,120.689452,131.07172
6686,267.44,120.565302,131.263189
6687,267.48,120.38085,131.351065
6688,267.52,120.442624,131.433416
6689,267.56,120.339498,131.419139
6690,267.6,120.437509,131.567478
6691,267.64,120.54311,131.544082
6692,267.68,121.018287,131.528232
6693,267.72,121.427602,131.530392
6694,267.76,121.973058,131.512677
6695,267.8,122.752114,131.370424
6696,267.84,123.679101,131.186413
6697,267.88,124.42717,130.883278
6698,267.92,125.520561,130.760127
6699,267.96,126.488566,130.585038
6700,268,127.489451,130.355648
6701,268.04,128.33205,130.175936
6702,268.08,129.365448,130.120606
6703,268.12,130.354571,129.990978
6704,268.16,131.221227,130.000538
6705,268.2,132.090136,129.920315
6706,268.24,132.802272,129.921075
6707,268.28,133.393105,129.896322
6708,268.32,134.067481,129.890757
6709,268.36,134.689117,129.799995
6710,268.4,135.335451,129.761402
6711,268.44,135.917584,129.696045
6712,268.48,136.533762,129.698544
6713,268.52,136.999021,129.608368
6714,268.56,137.388115,129.661573
6715,268.6,137.730755,129.566772
6716,268.64,137.962948,129.552735
6717,268.68,137.972578,129.494955
6718,268.72,137.940965,129.384227
6719,268.76,137.867501,129.224712
6720,268.8,137.819834,129.239411
6721,268.84,137.694601,129.186418
6722,268.88,137.624661,129.19727
6723,268.92,137.568321,129.195717
6724,268.96,137.586646,129.313007
6725,269,137.512239,129.344333
6726,269.04,137.567099,129.41376
6727,269.08,137.579787,129.395548
6728,269.12,137.692429,129.418174
6729,269.16,137.756763,129.443274
6730,269.2,137.814211,129.591784
6731,269.24,137.736015,129.687183
6732,269.28,137.740861,129.80446
6733,269.32,137.486738,129.872986
6734,269.36,137.208186,129.902582
6735,269.4,136.769076,129.986425
6736,269.44,136.292351,130.061917
6737,269.48,135.540107,130.106628
6738,269.52,134.803546,130.284067
6739,269.56,133.943817,130.235873
6740,269.6,132.97702,130.159407
6741,269.64,131.920088,130.064326
6742,269.68,130.940992,130.072497
6743,269.72,130.048329,130.010184
6744,269.76,129.384559,130.002888
6745,269.8,128.804824,129.984902
6746,269.84,128.492075,130.031918
6747,269.88,128.087059,130.12297
6748,269.92,127.83371,130.323303
6749,269.96,127.651788,130.558081
6750,270,127.520508,130.924678
6751,270.04,127.32603,131.139397
6752,270.08,127.213866,131.532388
6753,270.12,127.087376,131.842104
6754,270.16,127.03268,132.195703
6755,270.2,126.79592,132.340496
6756,270.24,126.75303,132.577436
6757,270.28,126.522055,132.644448
6758,270.32,126.366046,132.725555
6759,270.36,126.130296,132.689357
6760,270.4,126.063535,132.62432
6761,270.44,125.661412,132.344167
6762,270.48,125.523273,132.094173
6763,270.52,125.40328,131.628414
6764,270.56,125.264348,131.162037
6765,270.6,125.135907,130.961472
6766,270.64,125.137825,130.838948
6767,270.68,125.03747,130.703892
6768,270.72,125.130974,130.713949
6769,270.76,125.172453,130.712863
6770,270.8,125.341514,130.901732
6771,270.84,125.578618,131.094565
6772,270.88,125.823824,131.286796
6773,270.92,126.074734,131.402352
6774,270.96,126.432687,131.578487
6775,271,126.674383,131.591994
6776,271.04,127.021826,131.717105
6777,271.08,127.38925,131.72103
6778,271.12,127.747405,131.749376
6779,271.16,128.124883,131.620757
6780,271.2,128.651156,131.586179
6781,271.24,129.144346,131.416577
6782,271.28,129.673428,131.065894
6783,271.32,130.296399,130.715557
6784,271.36,130.990604,130.487069
6785,271.4,131.631961,130.308952
6786,271.44,132.416487,130.19168
6787,271.48,133.404567,130.005513
6788,271.52,134.380514,129.920706
6789,271.56,135.517613,129.867339
6790,271.6,136.693945,129.781038
6791,271.64,137.708643,129.595482
6792,271.68,138.903607,129.488647
6793,271.72,140.038785,129.353178
6794,271.76,141.181391,129.42353
6795,271.8,142.195308,129.571795
6796,271.84,143.036084,129.794353
6797,271.88,143.742024,129.977679
6798,271.92,144.270289,130.187507
6799,271.96,144.646502,130.227999
6800,272,144.918348,130.340062
6801,272.04,145.005148,130.362441
6802,272.08,144.892153,130.379893
6803,272.12,144.707274,130.250432
6804,272.16,144.432402,130.189304
6805,272.2,144.086709,130.035201
6806,272.24,143.601257,129.885585
6807,272.28,143.109694,129.66431
6808,272.32,142.629214,129.47821
6809,272.36,142.27312,129.335555
6810,272.4,142.023811,129.262888
6811,272.44,141.955541,129.20707
6812,272.48,141.992464,129.183686
6813,272.52,142.115213,129.152799
6814,272.56,142.413509,129.213659
6815,272.6,142.665342,129.300762
6816,272.64,142.766168,129.621621
6817,272.68,142.728272,129.866075
6818,272.72,142.46106,130.257191
6819,272.76,142.122923,130.562534
6820,272.8,141.56708,130.915422
6821,272.84,140.850685,131.104026
6822,272.88,140.011156,131.393902
6823,272.92,139.066607,131.539392
6824,272.96,138.123027,131.692454
6825,273,137.01853,131.822334
6826,273.04,135.886205,132.009014
6827,273.08,134.653572,131.977941
6828,273.12,133.505878,132.026889
6829,273.16,132.354207,132.060169
6830,273.2,131.271818,132.147631
6831,273.24,130.327215,132.174185
6832,273.28,129.567591,132.361566
6833,273.32,128.898035,132.623075
6834,273.36,128.426402,133.204634
6835,273.4,127.833585,133.691739
6836,273.44,127.466312,134.225649
6837,273.48,126.969626,134.647987
6838,273.52,126.538895,134.998885
6839,273.56,125.893337,135.248544
6840,273.6,125.613232,135.484619
6841,273.64,125.205791,135.567867
6842,273.68,124.910899,135.773532
6843,273.72,124.536468,135.85608
6844,273.76,124.223564,135.912493
6845,273.8,124.051612,135.971432
6846,273.84,123.876519,135.989746
6847,273.88,123.676762,135.929543
6848,273.92,123.522867,135.841864
6849,273.96,123.428364,135.711298
6850,274,123.312074,135.531312
6851,274.04,123.128517,135.246875
6852,274.08,123.217415,134.869332
6853,274.12,123.123575,134.530064
6854,274.16,123.263061,134.296486
6855,274.2,123.296554,134.139242
6856,274.24,123.570874,134.032358
6857,274.28,123.771744,134.064708
6858,274.32,124.185401,134.202409
6859,274.36,124.36691,134.361978
6860,274.4,124.685293,134.628643
6861,274.44,124.794675,134.796513
6862,274.48,124.951204,134.967993
6863,274.52,124.973877,135.037805
6864,274.56,125.089051,135.117548
6865,274.6,125.055668,135.108408
6866,274.64,125.226936,135.097914
6867,274.68,125.272744,135.071941
6868,274.72,125.505624,135.043431
6869,274.76,125.567896,134.84957
6870,274.8,125.851967,134.66086
6871,274.84,126.057846,134.297006
6872,274.88,126.488064,133.945151
6873,274.92,126.857034,133.513961
6874,274.96,127.47225,133.133627
6875,275,128.11223,132.718305
6876,275.04,128.965236,132.504494
6877,275.08,129.880238,132.377005
6878,275.12,131.034853,132.289921
6879,275.16,132.312039,132.258294
6880,275.2,133.691525,132.260272
6881,275.24,134.983376,132.032968
6882,275.28,136.223735,132.019078
6883,275.32,137.308259,132.059223
6884,275.36,138.365153,132.155755
6885,275.4,139.27371,132.291387
6886,275.44,139.944835,132.497326
6887,275.48,140.45476,132.581032
6888,275.52,140.924333,132.669179
6889,275.56,141.211115,132.646717
6890,275.6,141.396787,132.605809
6891,275.64,141.499198,132.570481
6892,275.68,141.543824,132.50381
6893,275.72,141.444703,132.370408
6894,275.76,141.399604,132.301055
6895,275.8,141.277892,132.062372
6896,275.84,141.138516,131.883587
6897,275.88,141.047038,131.653546
6898,275.92,140.983916,131.45792
6899,275.96,141.039453,131.302726
6900,276,141.191112,131.269863
6901,276.04,141.440968,131.188792
6902,276.08,141.614628,131.271251
6903,276.12,141.690038,131.31875
6904,276.16,141.762647,131.449825
6905,276.2,141.743241,131.612413
6906,276.24,141.731152,131.84699
6907,276.28,141.593795,132.006681
6908,276.32,141.325252,132.213908
6909,276.36,140.8308,132.379152
6910,276.4,140.304272,132.610956
6911,276.44,139.66958,132.715959
6912,276.48,139.004793,132.889755
6913,276.52,138.294148,132.925823
6914,276.56,137.505874,132.995101
6915,276.6,136.554861,133.002626
6916,276.64,135.507955,133.059191
6917,276.68,134.536013,133.047717
6918,276.72,133.650169,133.244226
6919,276.76,132.936997,133.477192
6920,276.8,132.379975,134.025532
6921,276.84,131.901057,134.488514
6922,276.88,131.479936,135.011768
6923,276.92,130.963685,135.329841
6924,276.96,130.630571,135.638043
6925,277,130.197645,135.801076
6926,277.04,129.83135,136.103396
6927,277.08,129.512008,136.345608
6928,277.12,129.223642,136.546147
6929,277.16,128.819945,136.674488
6930,277.2,128.502321,136.932613
6931,277.24,128.139477,137.004148
6932,277.28,128.019782,137.133721
6933,277.32,127.783185,137.230022
6934,277.36,127.709413,137.285552
6935,277.4,127.559311,137.235032
6936,277.44,127.658344,137.204768
6937,277.48,127.676848,137.033046
6938,277.52,127.870077,136.878768
6939,277.56,128.048588,136.726877
6940,277.6,128.245371,136.63339
6941,277.64,128.211402,136.595206
6942,277.68,128.253461,136.651143
6943,277.72,128.165573,136.721877
6944,277.76,128.166884,136.832686
6945,277.8,128.152926,136.966383
6946,277.84,128.236122,137.08498
6947,277.88,128.251164,137.134473
6948,277.92,128.40358,137.208218
6949,277.96,128.436668,137.230262
6950,278,128.521717,137.247165
6951,278.04,128.546471,137.268453
6952,278.08,128.744989,137.277573
6953,278.12,128.742558,137.232116
6954,278.16,128.930254,137.207573
6955,278.2,128.975401,137.070449
6956,278.24,129.233985,136.970741
6957,278.28,129.410882,136.785702
6958,278.32,129.656383,136.469999
6959,278.36,129.794355,136.148686
6960,278.4,130.097333,135.870011
6961,278.44,130.395788,135.489692
6962,278.48,130.902248,135.130723
6963,278.52,131.478061,134.771609
6964,278.56,132.237022,134.317554
6965,278.6,132.950807,133.96765
6966,278.64,133.821301,133.86539
6967,278.68,134.666572,133.746825
6968,278.72,135.578224,133.721655
6969,278.76,136.423836,133.691775
6970,278.8,137.254867,133.749558
6971,278.84,138.060034,133.686198
6972,278.88,138.676982,133.771062
6973,278.92,139.210535,133.712283
6974,278.96,139.728336,133.72313
6975,279,140.049604,133.70768
6976,279.04,140.335548,133.659783
6977,279.08,140.430784,133.48927
6978,279.12,140.436468,133.416728
6979,279.16,140.361222,133.229661
6980,279.2,140.121452,133.111568
6981,279.24,139.834995,132.940793
6982,279.28,139.502614,132.812833
6983,279.32,139.157311,132.502785
6984,279.36,138.812178,132.32226
6985,279.4,138.420725,132.117477
6986,279.44,138.132102,131.999125
6987,279.48,137.775617,131.942229
6988,279.52,137.400989,131.951798
6989,279.56,137.013771,132.030528
6990,279.6,136.651291,132.218852
6991,279.64,136.285862,132.391487
6992,279.68,136.006763,132.628522
6993,279.72,135.772439,132.796358
6994,279.76,135.521094,132.961643
6995,279.8,135.228569,133.099244
6996,279.84,134.851004,133.261066
6997,279.88,134.384249,133.323518
6998,279.92,133.754591,133.412894
6999,279.96,133.094073,133.431489
7000,280,132.335097,133.473924
7001,280.04,131.439295,133.406017
7002,280.08,130.41099,133.438479
7003,280.12,129.348555,133.289616
7004,280.16,128.304761,133.098591
7005,280.2,127.110125,133.014647
7006,280.24,125.947423,133.107406
7007,280.28,124.867189,133.163411
7008,280.32,124.085176,133.386166
7009,280.36,123.363669,133.641442
7010,280.4,122.658757,134.040984
7011,280.44,121.918461,134.477217
7012,280.48,121.181463,134.839716
7013,280.52,120.420419,135.098905
7014,280.56,119.796658,135.372409
7015,280.6,118.968155,135.536667
7016,280.64,118.400555,135.727877
7017,280.68,117.747911,135.887494
7018,280.72,117.266618,136.065204
7019,280.76,116.735187,136.157531
7020,280.8,116.335309,136.265315
7021,280.84,115.832893,136.26023
7022,280.88,115.65551,136.324131
7023,280.92,115.261108,136.32476
7024,280.96,114.923659,136.306089
7025,281,114.635738,136.163172
7026,281.04,114.425148,136.000834
7027,281.08,114.112372,135.581752
7028,281.12,114.08987,135.138528
7029,281.16,114.070608,134.620743
7030,281.2,114.306691,134.27292
7031,281.24,114.503463,134.155761
7032,281.28,114.878903,134.219201
7033,281.32,115.014235,134.261907
7034,281.36,115.261393,134.579352
7035,281.4,115.274543,134.73811
7036,281.44,115.307485,134.928284
7037,281.48,115.314295,135.057898
7038,281.52,115.331636,135.141719
7039,281.56,115.34095,135.185845
7040,281.6,115.429098,135.241739
7041,281.64,115.434898,135.268177
7042,281.68,115.594481,135.370019
7043,281.72,115.667511,135.239859
7044,281.76,115.921704,135.194828
7045,281.8,116.141879,135.010832
7046,281.84,116.433954,134.840642
7047,281.88,116.825931,134.657105
7048,281.92,117.3579,134.461725
7049,281.96,117.816428,134.143198
7050,282,118.588807,134.026209
7051,282.04,119.284473,133.891106
7052,282.08,120.117513,133.811011
7053,282.12,120.960061,133.743739
7054,282.16,121.827608,133.811499
7055,282.2,122.650106,133.912482
7056,282.24,123.530776,134.024055
7057,282.28,124.366949,134.008889
7058,282.32,125.15083,134.079637
7059,282.36,125.962404,134.051072
7060,282.4,126.856613,133.9539
7061,282.44,127.603339,133.721277
7062,282.48,128.293275,133.601547
7063,282.52,128.937297,133.3756
7064,282.56,129.642253,133.268137
7065,282.6,130.160844,133.165335
7066,282.64,130.613554,133.054717
7067,282.68,130.908414,132.852014
7068,282.72,131.053312,132.751156
7069,282.76,131.095335,132.579928
7070,282.8,131.177167,132.436174
7071,282.84,131.144064,132.24117
7072,282.88,131.190739,132.059758
7073,282.92,131.239792,131.833037
7074,282.96,131.385752,131.767705
7075,283,131.679148,131.706893
7076,283.04,131.899514,131.676352
7077,283.08,132.124994,131.669089
7078,283.12,132.267476,131.742006
7079,283.16,132.337875,131.754282
7080,283.2,132.304627,131.866199
7081,283.24,132.234835,131.939851
7082,283.28,132.125118,132.094258
7083,283.32,131.910876,132.142235
7084,283.36,131.682051,132.25712
7085,283.4,131.19561,132.311236
7086,283.44,130.685128,132.387998
7087,283.48,129.94066,132.359677
7088,283.52,129.183159,132.393685
7089,283.56,128.163315,132.414767
7090,283.6,127.160426,132.433333
7091,283.64,126.114437,132.402197
7092,283.68,125.165851,132.433267
7093,283.72,124.376241,132.373754
7094,283.76,123.653245,132.497091
7095,283.8,123.085929,132.652224
7096,283.84,122.59161,133.031624
7097,283.88,122.000793,133.385002
7098,283.92,121.506185,133.90777
7099,283.96,120.922243,134.287847
7100,284,120.496566,134.658874
7101,284.04,120.022277,134.901673
7102,284.08,119.561129,135.192826
7103,284.12,118.93998,135.420938
7104,284.16,118.655548,135.654358
7105,284.2,118.204903,135.761876
7106,284.24,118.046101,135.890219
7107,284.28,117.731979,135.992383
7108,284.32,117.555515,136.072332
7109,284.36,117.400241,136.108808
7110,284.4,117.420918,136.183417
7111,284.44,117.408667,136.148119
7112,284.48,117.585996,136.107556
7113,284.52,117.682904,136.043857
7114,284.56,117.837364,135.917398
7115,284.6,117.984002,135.689265
7116,284.64,118.294464,135.544933
7117,284.68,118.464363,135.419607
7118,284.72,118.892807,135.34445
7119,284.76,119.152059,135.320575
7120,284.8,119.502501,135.297311
7121,284.84,119.6675,135.286441
7122,284.88,119.820286,135.291819
7123,284.92,119.931379,135.271076
7124,284.96,120.07325,135.285745
7125,285,120.157364,135.282058
7126,285.04,120.38849,135.321786
7127,285.08,120.47634,135.340018
7128,285.12,120.559758,135.368296
7129,285.16,120.513252,135.292078
7130,285.2,120.751786,135.29151
7131,285.24,120.843151,135.221363
7132,285.28,121.205295,135.137657
7133,285.32,121.464,134.922489
7134,285.36,121.896214,134.765886
7135,285.4,122.261519,134.415117
7136,285.44,122.87152,134.133541
7137,285.48,123.580892,133.734482
7138,285.52,124.36514,133.501549
7139,285.56,125.255316,133.29294
7140,285.6,126.361062,133.268578
7141,285.64,127.442555,133.099733
7142,285.68,128.686238,132.796607
7143,285.72,129.851823,132.71165
7144,285.76,131.011909,132.702466
7145,285.8,132.153639,132.683502
7146,285.84,133.229328,132.775423
7147,285.88,134.207561,132.838062
7148,285.92,135.188376,132.896819
7149,285.96,136.132783,132.906387
7150,286,136.993367,132.98009
7151,286.04,137.761624,132.960871
7152,286.08,138.328118,132.993364
7153,286.12,138.796963,132.95252
7154,286.16,139.194949,132.944406
7155,286.2,139.347256,132.888748
7156,286.24,139.380845,132.867329
7157,286.28,139.352584,132.828217
7158,286.32,139.280742,132.809577
7159,286.36,139.159445,132.671719
7160,286.4,138.957731,132.622947
7161,286.44,138.751388,132.544222
7162,286.48,138.534335,132.573365
7163,286.52,138.339501,132.509416
7164,286.56,138.081707,132.583035
7165,286.6,137.901576,132.54229
7166,286.64,137.706186,132.634392
7167,286.68,137.397855,132.670674
7168,286.72,137.100316,132.75952
7169,286.76,136.906436,132.822073
7170,286.8,136.568074,132.984444
7171,286.84,136.25353,133.070376
7172,286.88,135.975213,133.206246
7173,286.92,135.7085,133.259104
7174,286.96,135.330055,133.402174
7175,287,135.056458,133.430816
7176,287.04,134.873632,133.504023
7177,287.08,134.686227,133.491393
7178,287.12,134.539767,133.508762
7179,287.16,134.501186,133.485077
7180,287.2,134.491526,133.387643
7181,287.24,134.44381,133.375252
7182,287.28,134.390789,133.302213
7183,287.32,134.34332,133.202978
7184,287.36,134.337145,133.152715
7185,287.4,134.253056,133.092471
7186,287.44,134.090635,133.150809
7187,287.48,133.885511,133.266975
7188,287.52,133.543541,133.439145
7189,287.56,133.168135,133.564608
7190,287.6,132.735924,133.802094
7191,287.64,132.144787,133.921235
7192,287.68,131.582205,134.030565
7193,287.72,131.068814,134.12288
7194,287.76,130.517691,134.212566
7195,287.8,129.979664,134.255161
7196,287.84,129.692585,134.336471
7197,287.88,129.329337,134.345994
7198,287.92,129.154489,134.433181
7199,287.96,128.971038,134.432876
7200,288,128.907935,134.435704
7201,288.04,128.841515,134.350365
7202,288.08,128.825915,134.294516
7203,288.12,128.825111,134.107446
7204,288.16,128.921581,133.86266
7205,288.2,128.937415,133.546451
7206,288.24,128.958289,133.272805
7207,288.28,128.905044,132.784489
7208,288.32,128.85907,132.488783
7209,288.36,128.804517,132.13879
7210,288.4,128.884189,131.886974
7211,288.44,128.994269,131.612133
7212,288.48,129.419639,131.505879
7213,288.52,129.978194,131.288252
7214,288.56,130.719489,131.174782
7215,288.6,131.516062,130.948939
7216,288.64,132.471908,130.728908
7217,288.68,133.241957,130.540474
7218,288.72,133.943186,130.486802
7219,288.76,134.573107,130.440399
7220,288.8,135.10972,130.454449
7221,288.84,135.466515,130.48308
7222,288.88,135.847325,130.624853
7223,288.92,136.007671,130.668258
7224,288.96,136.122424,130.744848
7225,289,136.116947,130.701657
7226,289.04,136.043719,130.7113
7227,289.08,135.924417,130.60659
7228,289.12,135.796652,130.511006
7229,289.16,135.509806,130.31874
7230,289.2,135.336074,130.207932
7231,289.24,135.14918,130.038952
7232,289.28,134.947012,129.952598
7233,289.32,134.911145,129.867227
7234,289.36,134.958911,129.887596
7235,289.4,134.952764,129.882164
7236,289.44,134.92474,129.986958
7237,289.48,134.81559,129.933923
7238,289.52,134.616629,129.879268
7239,289.56,134.348291,129.80749
7240,289.6,134.129367,129.856791
7241,289.64,133.975327,130.003357
7242,289.68,133.890029,130.197179
7243,289.72,133.832853,130.293261
7244,289.76,133.797957,130.405181
7245,289.8,133.737846,130.463796
7246,289.84,133.692739,130.562529
7247,289.88,133.64586,130.546851
7248,289.92,133.617508,130.596027
7249,289.96,133.580388,130.548317
7250,290,133.610301,130.550341
7251,290.04,133.554745,130.509704
7252,290.08,133.526378,130.485857
7253,290.12,133.512905,130.460028
7254,290.16,133.440058,130.44453
7255,290.2,133.44561,130.425881
7256,290.24,133.47864,130.473495
7257,290.28,133.525217,130.504749
7258,290.32,133.618764,130.553814
7259,290.36,133.725325,130.441758
7260,290.4,133.836932,130.349755
7261,290.44,133.894236,130.263841
7262,290.48,133.938838,130.200825
7263,290.52,133.965525,130.166422
7264,290.56,134.014212,130.189683
7265,290.6,134.082633,130.191513
7266,290.64,134.196775,130.276533
7267,290.68,134.303095,130.352158
7268,290.72,134.443766,130.483172
7269,290.76,134.526907,130.532168
7270,290.8,134.704561,130.603022
7271,290.84,134.833282,130.537321
7272,290.88,134.872135,130.524007
7273,290.92,134.937378,130.390161
7274,290.96,134.992658,130.261575
7275,291,135.063911,130.164664
7276,291.04,135.050796,130.132071
7277,291.08,135.045246,130.07943
7278,291.12,135.041802,130.103379
7279,291.16,134.972801,130.05452
7280,291.2,134.927421,130.123204
7281,291.24,134.778513,130.106294
7282,291.28,134.612033,130.114022
7283,291.32,134.456954,129.979502
7284,291.36,134.412736,130.023152
7285,291.4,134.536048,130.062896
7286,291.44,134.836037,130.204891
7287,291.48,135.14066,130.331599
7288,291.52,135.407445,130.476718
7289,291.56,135.565391,130.65634
7290,291.6,135.545886,130.82017
7291,291.64,135.480342,130.95732
7292,291.68,135.208582,131.022762
7293,291.72,134.963747,131.024317
7294,291.76,134.752993,131.008744
7295,291.8,134.545043,130.968706
7296,291.84,134.453529,130.944517
7297,291.88,134.404702,130.890983
7298,291.92,134.230333,130.763789
7299,291.96,133.998048,130.619998
7300,292,133.677822,130.518518
7301,292.04,133.361023,130.417667
7302,292.08,133.011404,130.41672
7303,292.12,132.821116,130.403867
7304,292.16,132.724884,130.42577
7305,292.2,132.725585,130.379322
7306,292.24,132.854344,130.27274
7307,292.28,133.02239,130.223273
7308,292.32,133.11506,130.23167
7309,292.36,133.286751,130.24327
7310,292.4,133.478219,130.331127
7311,292.44,133.646093,130.371867
7312,292.48,133.763187,130.443489
7313,292.52,133.930743,130.534706
7314,292.56,133.99817,130.591543
7315,292.6,134.103106,130.52872
7316,292.64,134.309255,130.505729
7317,292.68,134.429909,130.380577
7318,292.72,134.537529,130.257418
7319,292.76,134.611904,130.114829
7320,292.8,134.627074,130.049033
7321,292.84,134.677603,129.976729
7322,292.88,134.707467,129.962705
7323,292.92,134.736205,129.934542
7324,292.96,134.754365,129.950892
7325,293,134.737728,129.998826
7326,293.04,134.715734,130.059216
7327,293.08,134.61272,130.038184
7328,293.12,134.477181,129.995841
7329,293.16,134.295764,130.042158
7330,293.2,134.192887,130.128365
7331,293.24,134.015123,130.225859
7332,293.28,133.885139,130.267232
7333,293.32,133.740569,130.338286
7334,293.36,133.491201,130.318798
7335,293.4,133.392362,130.383895
7336,293.44,133.28822,130.357422
7337,293.48,133.254026,130.301817
7338,293.52,133.189259,130.260974
7339,293.56,133.137724,130.146627
7340,293.6,133.094649,130.073198
7341,293.64,132.986209,129.945095
7342,293.68,132.913822,129.815048
7343,293.72,132.883645,129.74668
7344,293.76,132.886373,129.731237
7345,293.8,132.929683,129.744287
7346,293.84,132.966862,129.756835
7347,293.88,133.04747,129.805273
7348,293.92,133.179363,129.706834
7349,293.96,133.30806,129.587929
7350,294,133.492882,129.562359
7351,294.04,133.609867,129.561936
7352,294.08,133.61267,129.579316
7353,294.12,133.691586,129.607357
7354,294.16,133.781581,129.743883
7355,294.2,133.879381,129.813642
7356,294.24,133.92439,129.96381
7357,294.28,134.02924,130.059853
7358,294.32,134.02657,130.275498
7359,294.36,134.054841,130.378344
7360,294.4,134.069583,130.402886
7361,294.44,134.09724,130.275666
7362,294.48,134.121493,130.221136
7363,294.52,134.128006,129.979054
7364,294.56,134.146898,129.802387
7365,294.6,134.151569,129.691469
7366,294.64,134.110189,129.598085
7367,294.68,134.082021,129.579606
7368,294.72,134.064358,129.660705
7369,294.76,134.038314,129.715038
7370,294.8,133.97129,129.66047
7371,294.84,133.823453,129.588073
7372,294.88,133.8541,129.625628
7373,294.92,133.911124,129.715527
7374,294.96,134.032987,129.785245
7375,295,134.154787,129.824621
7376,295.04,134.404587,129.916542
7377,295.08,134.571104,130.027925
7378,295.12,134.811494,130.300611
7379,295.16,134.918712,130.481431
7380,295.2,135.031345,130.734189
7381,295.24,135.037029,130.824241
7382,295.28,135.079391,130.971672
7383,295.32,135.071625,130.91298
7384,295.36,135.061952,130.86299
7385,295.4,135.029382,130.643333
7386,295.44,134.974284,130.538604
7387,295.48,134.743381,130.341067
7388,295.52,134.442178,130.216649
7389,295.56,134.097517,130.039664
7390,295.6,133.717199,129.987156
7391,295.64,133.320069,129.932202
7392,295.68,133.081909,129.95844
7393,295.72,132.896762,129.851172
7394,295.76,132.977872,129.745135
7395,295.8,133.07592,129.638719
7396,295.84,133.160529,129.585493
7397,295.88,133.515989,129.565526
7398,295.92,133.694043,129.621639
7399,295.96,133.887034,129.613249
7400,296,134.187796,129.727433
7401,296.04,134.338883,129.829132
7402,296.08,134.613802,129.989552
7403,296.12,134.724482,129.979923
7404,296.16,134.800848,129.970034
7405,296.2,134.803457,129.819145
7406,296.24,134.839019,129.731752
7407,296.28,134.835549,129.627908
7408,296.32,134.803979,129.549678
7409,296.36,134.794025,129.496547
7410,296.4,134.789427,129.454088
7411,296.44,134.806228,129.422372
7412,296.48,134.849995,129.480918
7413,296.52,134.823451,129.472132
7414,296.56,134.691722,129.570333
7415,296.6,134.521397,129.440196
7416,296.64,134.414883,129.427584
7417,296.68,134.260298,129.39566
7418,296.72,133.975823,129.40588
7419,296.76,133.838431,129.41404
7420,296.8,133.726902,129.528113
7421,296.84,133.430093,129.506367
7422,296.88,133.32929,129.686399
7423,296.92,133.247697,129.732514
7424,296.96,133.024325,129.802185
7425,297,132.890903,129.851468
7426,297.04,132.74275,129.901666
7427,297.08,132.485992,129.81349
7428,297.12,132.398531,129.81643
7429,297.16,132.338098,129.678694
7430,297.2,132.315018,129.619353
7431,297.24,132.268997,129.477073
7432,297.28,132.315226,129.500234
7433,297.32,132.313177,129.50185
7434,297.36,132.371509,129.557411
7435,297.4,132.436519,129.583041
7436,297.44,132.748413,129.620118
7437,297.48,132.92369,129.538677
7438,297.52,133.130386,129.439012
7439,297.56,133.304062,129.357142
7440,297.6,133.421989,129.358667
7441,297.64,133.466684,129.308574
7442,297.68,133.554493,129.343332
7443,297.72,133.612712,129.300098
7444,297.76,133.703407,129.318937
7445,297.8,133.798568,129.412005
7446,297.84,133.868886,129.568051
7447,297.88,133.953875,129.606625
7448,297.92,134.082282,129.706745
7449,297.96,134.126092,129.724486
7450,298,134.307784,129.756689
7451,298.04,134.44702,129.670213
7452,298.08,134.499293,129.619067
7453,298.12,134.564393,129.477284
7454,298.16,134.608617,129.413327
7455,298.2,134.64243,129.397789
7456,298.24,134.645405,129.47001
7457,298.28,134.588774,129.474017
7458,298.32,134.516443,129.622667
7459,298.36,134.369722,129.579519
7460,298.4,134.257979,129.584052
7461,298.44,134.168907,129.560154
7462,298.48,134.186695,129.629359
7463,298.52,134.299618,129.639217
7464,298.56,134.583868,129.752916
7465,298.6,134.871668,129.83698
7466,298.64,135.185165,130.034117
7467,298.68,135.455835,130.170277
7468,298.72,135.619042,130.328696
7469,298.76,135.677251,130.539676
7470,298.8,135.684224,130.633298
7471,298.84,135.687202,130.639309
7472,298.88,135.695523,130.612686
7473,298.92,135.709458,130.53725
7474,298.96,135.795183,130.436425
7475,299,135.823974,130.290185
7476,299.04,135.844262,130.191303
7477,299.08,135.775017,130.015234
7478,299.12,135.548152,129.901741
7479,299.16,135.380306,129.831012
7480,299.2,135.190452,129.770608
7481,299.24,135.059743,129.703713
7482,299.28,135.02569,129.679845
7483,299.32,135.001204,129.582543
7484,299.36,134.959801,129.492537
7485,299.4,134.967179,129.494749
7486,299.44,134.99462,129.514146
7487,299.48,135.046029,129.553075
7488,299.52,135.081382,129.573604
7489,299.56,135.135038,129.597239
7490,299.6,135.153898,129.60226
7491,299.64,135.217915,129.700818
7492,299.68,135.299496,129.741721
7493,299.72,135.275072,129.767597
7494,299.76,135.310893,129.797219
7495,299.8,135.270432,129.656781
7496,299.84,135.279842,129.645315
7497,299.88,135.273735,129.528962
7498,299.92,135.219867,129.512337
7499,299.96,135.242699,129.496872
7500,300,135.284769,129.563801
7501,300.04,135.214246,129.50735
7502,300.08,135.230549,129.530678
7503,300.12,135.143204,129.46136
7504,300.16,135.083932,129.419438
7505,300.2,135.052886,129.398799
7506,300.24,134.997998,129.444102
7507,300.28,134.93572,129.451463
7508,300.32,134.954707,129.445756
7509,300.36,134.895691,129.501443
7510,300.4,134.880615,129.574747
7511,300.44,134.865713,129.624417
7512,300.48,134.869027,129.74404
7513,300.52,134.785573,129.762302
7514,300.56,134.774931,129.783954
7515,300.6,134.697127,129.769556
7516,300.64,134.598858,129.699565
7517,300.68,134.553806,129.614874
7518,300.72,134.414476,129.562332
7519,300.76,134.322867,129.489206
7520,300.8,134.307481,129.492479
7521,300.84,134.264843,129.466169
7522,300.88,134.198779,129.578925
7523,300.92,134.15582,129.649056
7524,300.96,134.148793,129.761794
7525,301,134.129232,129.629269
7526,301.04,134.10991,129.548764
7527,301.08,134.114704,129.432508
7528,301.12,134.113475,129.444777
7529,301.16,134.10191,129.42916
7530,301.2,134.086205,129.477045
7531,301.24,134.089379,129.421761
7532,301.28,134.113853,129.418679
7533,301.32,134.103672,129.431099
7534,301.36,134.149162,129.585325
7535,301.4,134.200406,129.630337
7536,301.44,134.287687,129.705777
7537,301.48,134.388956,129.758689
7538,301.52,134.485587,129.726091
7539,301.56,134.617581,129.68315
7540,301.6,134.683254,129.585132
7541,301.64,134.732293,129.359185
7542,301.68,134.797837,129.326948
7543,301.72,134.808638,129.259064
7544,301.76,134.853026,129.261492
7545,301.8,134.870424,129.262804
7546,301.84,134.945634,129.39691
7547,301.88,134.976862,129.41638
7548,301.92,135.004164,129.41354
7549,301.96,135.080217,129.377202
7550,302,135.191764,129.517091
7551,302.04,135.511761,129.602424
7552,302.08,135.823758,129.747242
7553,302.12,136.059145,129.847343
7554,302.16,136.349453,130.029735
7555,302.2,136.507255,130.113587
7556,302.24,136.65255,130.279177
7557,302.28,136.670033,130.334113
7558,302.32,136.711995,130.46251
7559,302.36,136.729468,130.515914
7560,302.4,136.716444,130.568744
7561,302.44,136.713963,130.542108
7562,302.48,136.622948,130.479925
7563,302.52,136.474396,130.259959
7564,302.56,136.140173,129.989024
7565,302.6,135.823861,129.757312
7566,302.64,135.349503,129.597817
7567,302.68,134.940911,129.386371
7568,302.72,134.635251,129.325929
7569,302.76,134.42548,129.265542
7570,302.8,134.322133,129.335044
7571,302.84,134.359382,129.241579
7572,302.88,134.43474,129.19504
7573,302.92,134.514026,129.107952
7574,302.96,134.756914,129.144108
7575,303,134.915108,129.139849
7576,303.04,135.051194,129.213455
7577,303.08,135.239813,129.225826
7578,303.12,135.320251,129.364433
7579,303.16,135.421256,129.421248
7580,303.2,135.570753,129.566307
7581,303.24,135.663778,129.622684
7582,303.28,135.829627,129.746983
7583,303.32,135.86218,129.766672
7584,303.36,135.881217,129.744355
7585,303.4,135.867194,129.599203
7586,303.44,135.880774,129.51929
7587,303.48,135.830407,129.399044
7588,303.52,135.84312,129.348298
7589,303.56,135.823463,129.320359
7590,303.6,135.811994,129.344364
7591,303.64,135.733249,129.320258
7592,303.68,135.663101,129.289114
7593,303.72,135.476426,129.188402
7594,303.76,135.340222,129.216471
7595,303.8,135.21128,129.219548
7596,303.84,135.163944,129.300489
7597,303.88,135.101382,129.309134
7598,303.92,135.082289,129.390555
7599,303.96,134.974404,129.445352
7600,304,134.929827,129.51602
7601,304.04,134.899186,129.622064
7602,304.08,134.865456,129.727939
7603,304.12,134.713743,129.714762
7604,304.16,134.73612,129.710313
7605,304.2,134.635528,129.64768
7606,304.24,134.622278,129.549639
7607,304.28,134.569682,129.472555
7608,304.32,134.572773,129.448562
7609,304.36,134.568405,129.429012
7610,304.4,134.575514,129.430073
7611,304.44,134.547075,129.411742
7612,304.48,134.596944,129.439174
7613,304.52,134.575302,129.485076
7614,304.56,134.60174,129.498824
7615,304.6,134.670853,129.418727
7616,304.64,134.701609,129.364894
7617,304.68,134.709031,129.339306
7618,304.72,134.852828,129.404017
7619,304.76,134.870081,129.371804
7620,304.8,134.940997,129.395237
7621,304.84,135.068146,129.410386
7622,304.88,135.102156,129.442444
7623,304.92,135.272037,129.490565
7624,304.96,135.395294,129.606207
7625,305,135.494816,129.753903
7626,305.04,135.590305,129.936169
7627,305.08,135.583392,129.951782
7628,305.12,135.632893,129.892074
7629,305.16,135.671276,129.832319
7630,305.2,135.6182,129.675791
7631,305.24,135.624005,129.563726
7632,305.28,135.61175,129.541046
7633,305.32,135.548385,129.502586
7634,305.36,135.520186,129.495203
7635,305.4,135.437135,129.492965
7636,305.44,135.386724,129.563534
7637,305.48,135.32813,129.498738
7638,305.52,135.281277,129.575446
7639,305.56,135.398595,129.569546
7640,305.6,135.612483,129.761406
7641,305.64,135.847511,129.880646
7642,305.68,136.106072,130.046621
7643,305.72,136.280963,130.124696
7644,305.76,136.338501,130.245418
7645,305.8,136.351641,130.322541
7646,305.84,136.381703,130.383671
7647,305.88,136.426204,130.459699
7648,305.92,136.45297,130.48867
7649,305.96,136.477981,130.459261
7650,306,136.50909,130.497328
7651,306.04,136.511622,130.382934
7652,306.08,136.494092,130.216036
7653,306.12,136.35789,130.013363
7654,306.16,136.116704,129.812816
7655,306.2,135.764128,129.587655
7656,306.24,135.485073,129.485192
7657,306.28,135.207347,129.343908
7658,306.32,135.025351,129.300195
7659,306.36,134.883646,129.287438
7660,306.4,134.779664,129.332925
7661,306.44,134.713871,129.285485
7662,306.48,134.652381,129.35424
7663,306.52,134.641644,129.313416
7664,306.56,134.651277,129.322849
7665,306.6,134.660697,129.33947
7666,306.64,134.810401,129.446692
7667,306.68,134.908695,129.452948
7668,306.72,134.949655,129.514417
7669,306.76,135.036028,129.454546
7670,306.8,135.084299,129.503289
7671,306.84,135.166807,129.52548
7672,306.88,135.239647,129.563636
7673,306.92,135.251943,129.477739
7674,306.96,135.304759,129.466552
7675,307,135.269097,129.370613
7676,307.04,135.258236,129.366681
7677,307.08,135.179425,129.285305
7678,307.12,135.149198,129.305077
7679,307.16,135.110214,129.254253
7680,307.2,135.150266,129.301937
7681,307.24,135.134274,129.271711
7682,307.28,135.151971,129.291133
7683,307.32,135.115256,129.242625
7684,307.36,135.076877,129.243222
7685,307.4,135.031237,129.230149
7686,307.44,134.991337,129.28108
7687,307.48,134.934739,129.268284
7688,307.52,134.939253,129.274697
7689,307.56,134.859777,129.274405
7690,307.6,134.869617,129.39133
7691,307.64,134.874831,129.475906
7692,307.68,134.905472,129.558326
7693,307.72,134.885722,129.550044
7694,307.76,134.878917,129.572476
7695,307.8,134.829577,129.567711
7696,307.84,134.768231,129.548901
7697,307.88,134.713088,129.495429
7698,307.92,134.614781,129.43183
7699,307.96,134.476438,129.34533
7700,308,134.440225,129.350416
7701,308.04,134.294998,129.333759
7702,308.08,134.165713,129.404514
7703,308.12,134.101921,129.378142
7704,308.16,134.069826,129.362743
7705,308.2,133.974461,129.228584
7706,308.24,133.946167,129.132858
7707,308.28,133.897402,129.131084
7708,308.32,133.934025,129.180545
7709,308.36,133.909532,129.163951
7710,308.4,133.931278,129.207435
7711,308.44,133.996754,129.247252
7712,308.48,134.04086,129.299105
7713,308.52,134.124968,129.427634
7714,308.56,134.254277,129.653702
7715,308.6,134.284349,129.805087
7716,308.64,134.366035,129.918645
7717,308.68,134.413456,129.830362
7718,308.72,134.464651,129.72182
7719,308.76,134.482591,129.538564
7720,308.8,134.532516,129.413788
7721,308.84,134.559675,129.300652
7722,308.88,134.610129,129.256366
7723,308.92,134.624272,129.195588
7724,308.96,134.609185,129.213422
7725,309,134.608774,129.235821
7726,309.04,134.622081,129.346637
7727,309.08,134.60228,129.312168
7728,309.12,134.580963,129.327716
7729,309.16,134.56018,129.325481
7730,309.2,134.590545,129.346715
7731,309.24,134.556314,129.349009
7732,309.28,134.652601,129.368639
7733,309.32,134.74487,129.382451
7734,309.36,135.085202,129.548769
7735,309.4,135.456361,129.646029
7736,309.44,135.857546,129.893062
7737,309.48,136.232353,130.02621
7738,309.52,136.501569,130.266323
7739,309.56,136.637933,130.319838
7740,309.6,136.699339,130.351221
7741,309.64,136.705649,130.251053
7742,309.68,136.713787,130.17352
7743,309.72,136.673437,130.04672
7744,309.76,136.549278,129.917344
7745,309.8,136.298937,129.780748
7746,309.84,135.884759,129.631659
7747,309.88,135.511425,129.526342
7748,309.92,135.187102,129.452585
7749,309.96,134.930145,129.453242
7750,310,134.651595,129.445336
7751,310.04,134.54929,129.269631
7752,310.08,134.502998,129.219028
7753,310.12,134.430768,129.178429
7754,310.16,134.361757,129.18261
7755,310.2,134.305606,129.176534
7756,310.24,134.269049,129.258567
7757,310.28,134.260603,129.254847
7758,310.32,134.216154,129.334568
7759,310.36,134.236868,129.410088
7760,310.4,134.249418,129.464938
7761,310.44,134.305609,129.565381
7762,310.48,134.4005,129.704478
7763,310.52,134.443671,129.6641
7764,310.56,134.486336,129.633284
7765,310.6,134.490833,129.440053
7766,310.64,134.518328,129.303286
7767,310.68,134.55052,129.209663
7768,310.72,134.650211,129.20776
7769,310.76,134.634867,129.217339
7770,310.8,134.734264,129.275281
7771,310.84,134.702732,129.22354
7772,310.88,134.714563,129.203109
7773,310.92,134.714274,129.118382
7774,310.96,134.721575,129.164041
7775,311,134.719971,129.2162
7776,311.04,134.7191,129.259488
7777,311.08,134.642599,129.193046
7778,311.12,134.653894,129.198595
7779,311.16,134.565586,129.200464
7780,311.2,134.571361,129.2952
7781,311.24,134.540147,129.40279
7782,311.28,134.534716,129.527593
7783,311.32,134.462676,129.542095
7784,311.36,134.492298,129.556034
7785,311.4,134.439802,129.518659
7786,311.44,134.404099,129.459688
7787,311.48,134.343281,129.367504
7788,311.52,134.354434,129.343385
7789,311.56,134.311897,129.313733
7790,311.6,134.302236,129.30564
7791,311.64,134.274327,129.320066
7792,311.68,134.275391,129.346705
7793,311.72,134.264674,129.373679
7794,311.76,134.282324,129.408289
7795,311.8,134.368698,129.259445
7796,311.84,134.412178,129.170925
7797,311.88,134.440927,129.158478
7798,311.92,134.502807,129.210109
7799,311.96,134.531104,129.214744
7800,312,134.589153,129.22708
7801,312.04,134.724607,129.246024
7802,312.08,134.830239,129.305185
7803,312.12,134.95026,129.37242
7804,312.16,135.072822,129.470558
7805,312.2,135.211215,129.576782
7806,312.24,135.417062,129.751745
7807,312.28,135.526993,129.666073
7808,312.32,135.786957,129.668512
7809,312.36,135.843032,129.550192
7810,312.4,135.974316,129.438767
7811,312.44,135.952581,129.356599
7812,312.48,135.986628,129.360244
7813,312.52,135.940994,129.335292
7814,312.56,135.870593,129.369316
7815,312.6,135.744235,129.392494
7816,312.64,135.621831,129.418765
7817,312.68,135.411846,129.34566
7818,312.72,135.271791,129.330282
7819,312.76,135.153335,129.276236
7820,312.8,135.062592,129.347503
7821,312.84,134.899031,129.310168
7822,312.88,134.764266,129.365006
7823,312.92,134.696038,129.438062
7824,312.96,134.65534,129.529853
7825,313,134.667478,129.689231
7826,313.04,134.660247,129.845124
7827,313.08,134.634465,129.914545
7828,313.12,134.613937,129.863458
7829,313.16,134.450565,129.75949
7830,313.2,134.320616,129.619098
7831,313.24,134.161674,129.446669
7832,313.28,134.027763,129.248274
7833,313.32,133.898914,129.106188
7834,313.36,133.692202,128.961599
7835,313.4,133.536757,128.895346
7836,313.44,133.489039,128.881158
7837,313.48,133.498817,128.86862
7838,313.52,133.662381,128.756683
7839,313.56,134.142005,128.683304
7840,313.6,134.587958,128.521697
7841,313.64,134.886339,128.416435
7842,313.68,134.92709,128.427649
7843,313.72,134.665142,128.54731
7844,313.76,134.318546,128.794006
7845,313.8,133.781069,129.008141
7846,313.84,133.203945,129.260063
7847,313.88,132.814852,129.659567
7848,313.92,132.424743,129.919246
7849,313.96,132.140778,130.130579
7850,314,131.919866,130.336605
7851,314.04,131.869522,130.411359
7852,314.08,131.863403,130.393827
7853,314.12,131.86634,130.253528
7854,314.16,131.917226,130.031011
7855,314.2,131.9928,129.762231
7856,314.24,132.223413,129.419705
7857,314.28,132.448491,129.225465
7858,314.32,132.761654,129.004411
7859,314.36,133.038451,128.922714
7860,314.4,133.433703,128.949126
7861,314.44,133.788205,129.063959
7862,314.48,134.070982,129.058602
7863,314.52,134.349584,129.083652
7864,314.56,134.530987,128.973109
7865,314.6,134.749247,128.952115
7866,314.64,134.83348,128.957203
7867,314.68,134.888657,128.986167
7868,314.72,135.0666,129.037316
7869,314.76,135.25113,129.109513
7870,314.8,135.445757,129.20823
7871,314.84,135.550309,129.386163
7872,314.88,135.576342,129.526645
7873,314.92,135.584361,129.595997
7874,314.96,135.587429,129.643374
7875,315,135.610654,129.641684
7876,315.04,135.557032,129.556268
7877,315.08,135.569665,129.507649
7878,315.12,135.542518,129.399733
7879,315.16,135.528256,129.230794
7880,315.2,135.523909,129.095947
7881,315.24,135.501159,129.035422
7882,315.28,135.409485,128.995516
7883,315.32,135.261569,129.041353
7884,315.36,135.240816,129.092585
7885,315.4,135.15374,129.057745
7886,315.44,135.108756,128.983111
7887,315.48,135.044489,129.007081
7888,315.52,134.94352,129.059786
7889,315.56,134.737199,129.070141
7890,315.6,134.582721,129.118748
7891,315.64,134.425376,129.169475
7892,315.68,134.183624,129.244501
7893,315.72,134.059555,129.42166
7894,315.76,133.920752,129.632202
7895,315.8,133.683697,129.740913
7896,315.84,133.59123,129.846891
7897,315.88,133.489272,129.773606
7898,315.92,133.295767,129.692119
7899,315.96,133.148022,129.60657
7900,316,133.077717,129.488201
7901,316.04,133.056001,129.419763
7902,316.08,133.014614,129.36629
7903,316.12,133.032194,129.356101
7904,316.16,133.115225,129.392573
7905,316.2,133.202526,129.455348
7906,316.24,133.346557,129.52849
7907,316.28,133.602742,129.549814
7908,316.32,133.82537,129.36104
7909,316.36,134.077597,129.209322
7910,316.4,134.238961,129.175539
7911,316.44,134.315264,129.167492
7912,316.48,134.420344,129.089544
7913,316.52,134.434318,129.030307
7914,316.56,134.530328,128.992078
7915,316.6,134.661048,128.957075
7916,316.64,134.785014,128.954915
7917,316.68,134.932097,128.998242
7918,316.72,135.091763,129.109894
7919,316.76,135.226273,129.1969
7920,316.8,135.256765,129.21393
7921,316.84,135.311975,129.142822
7922,316.88,135.334577,128.934662
7923,316.92,135.443836,128.757895
7924,316.96,135.59115,128.481218
7925,317,135.665773,128.259479
7926,317.04,135.855951,128.092787
7927,317.08,135.944117,127.96888
7928,317.12,135.979603,127.905877
7929,317.16,135.951132,127.870681
7930,317.2,135.721023,127.80881
7931,317.24,135.442967,127.763254
7932,317.28,135.090282,127.861732
7933,317.32,134.69945,128.002971
7934,317.36,134.347384,128.138315
7935,317.4,134.053726,128.262558
7936,317.44,133.805695,128.38962
7937,317.48,133.508623,128.547271
7938,317.52,133.34133,128.742918
7939,317.56,133.203173,128.861225
7940,317.6,133.132917,129.001813
7941,317.64,133.034627,129.032156
7942,317.68,132.930551,128.920344
7943,317.72,132.878855,128.836705
7944,317.76,132.884553,128.790188
7945,317.8,132.872165,128.723346
7946,317.84,132.858547,128.712736
7947,317.88,132.856989,128.70598
7948,317.92,132.914715,128.775492
7949,317.96,132.920499,128.809373
7950,318,132.964869,128.918528
7951,318.04,132.99782,129.010978
7952,318.08,133.029626,129.023257
7953,318.12,133.117281,128.9756
7954,318.16,133.238993,128.893078
7955,318.2,133.357597,128.880633
7956,318.24,133.415356,128.869424
7957,318.28,133.543596,128.84319
7958,318.32,133.634331,128.883206
7959,318.36,133.755478,128.843236
7960,318.4,133.842572,128.87713
7961,318.44,133.971392,128.941847
7962,318.48,134.053879,129.014138
7963,318.52,134.132233,129.089905
7964,318.56,134.132944,129.132017
7965,318.6,134.17767,129.176291
7966,318.64,134.181168,129.123175
7967,318.68,134.179675,129.038261
7968,318.72,134.153586,128.914863
7969,318.76,134.097378,128.761304
7970,318.8,133.909361,128.615286
7971,318.84,133.731966,128.57977
7972,318.88,133.548033,128.541777
7973,318.92,133.221828,128.588531
7974,318.96,132.852355,128.614736
7975,319,132.58958,128.542054
7976,319.04,132.192861,128.455558
7977,319.08,131.850757,128.477141
7978,319.12,131.592859,128.582138
7979,319.16,131.34328,128.626162
7980,319.2,131.121727,128.69502
7981,319.24,130.989436,128.784822
7982,319.28,130.915673,129.039148
7983,319.32,130.790216,129.266511
7984,319.36,130.71806,129.476474
7985,319.4,130.674031,129.61462
7986,319.44,130.649386,129.674133
7987,319.48,130.623654,129.678429
7988,319.52,130.619264,129.676294
7989,319.56,130.636771,129.638455
7990,319.6,130.704886,129.570869
7991,319.64,130.818414,129.574379
7992,319.68,130.925456,129.539726
7993,319.72,131.072066,129.477063
7994,319.76,131.32209,129.43118
7995,319.8,131.543955,129.39248
7996,319.84,131.822599,129.4065
7997,319.88,132.06798,129.315407
7998,319.92,132.402721,129.12708
7999,319.96,132.713764,128.954487
8000,320,133.018905,128.934479
8001,320.04,133.159017,128.913962
8002,320.08,133.308875,128.861389
8003,320.12,133.532669,128.84393
8004,320.16,133.611309,128.845683
8005,320.2,133.713484,128.891605
8006,320.24,133.879311,129.011715
8007,320.28,133.977026,129.130721
8008,320.32,134.10531,129.14032
8009,320.36,134.233466,129.060235
8010,320.4,134.305711,128.930104
8011,320.44,134.419746,128.677723
8012,320.48,134.422982,128.406326
8013,320.52,134.519797,128.248645
8014,320.56,134.606582,128.142904
8015,320.6,134.79728,128.137059
8016,320.64,134.917114,128.143684
8017,320.68,134.938986,128.178853
8018,320.72,134.839753,128.171388
8019,320.76,134.691955,128.074984
8020,320.8,134.415391,128.01947
8021,320.84,134.102478,128.094591
8022,320.88,133.69162,128.186337
8023,320.92,133.342419,128.261917
8024,320.96,133.005399,128.339384
8025,321,132.658969,128.446465
8026,321.04,132.368338,128.546138
8027,321.08,132.095605,128.746703
8028,321.12,131.923609,128.957916
8029,321.16,131.79148,129.154158
8030,321.2,131.773934,129.43401
8031,321.24,131.642595,129.669148
8032,321.28,131.583529,129.682334
8033,321.32,131.574782,129.67197
8034,321.36,131.551259,129.64545
8035,321.4,131.563662,129.566693
8036,321.44,131.635347,129.477735
8037,321.48,131.695312,129.360579
8038,321.52,131.846155,129.326921
8039,321.56,131.979761,129.299269
8040,321.6,132.040223,129.358426
8041,321.64,132.142002,129.352524
8042,321.68,132.28511,129.183518
8043,321.72,132.45609,129.041994
8044,321.76,132.577525,128.959499
8045,321.8,132.657594,128.914337
8046,321.84,132.760117,128.908119
8047,321.88,132.845984,128.863425
8048,321.92,132.919672,128.814606
8049,321.96,133.061842,128.825424
8050,322,133.211441,128.865445
8051,322.04,133.448278,129.009348
8052,322.08,133.637099,129.112625
8053,322.12,133.813497,129.202618
8054,322.16,133.976931,129.356409
8055,322.2,134.16792,129.385216
8056,322.24,134.27428,129.187932
8057,322.28,134.317498,129.057956
8058,322.32,134.337962,128.895314
8059,322.36,134.310249,128.740201
8060,322.4,134.185184,128.624865
8061,322.44,134.110068,128.602148
8062,322.48,133.996377,128.628223
8063,322.52,133.749295,128.603154
8064,322.56,133.553004,128.568154
8065,322.6,133.472113,128.50687
8066,322.64,133.197326,128.499206
8067,322.68,133.106027,128.578179
8068,322.72,132.977092,128.653181
8069,322.76,132.817577,128.622461
8070,322.8,132.628605,128.698611
8071,322.84,132.539837,128.795283
8072,322.88,132.350357,128.903125
8073,322.92,132.222104,129.134708
8074,322.96,132.078736,129.292249
8075,323,131.988265,129.421454
8076,323.04,131.95511,129.463085
8077,323.08,131.89431,129.402159
8078,323.12,131.861919,129.365319
8079,323.16,131.842508,129.292791
8080,323.2,131.854599,129.181737
8081,323.24,131.87003,129.100978
8082,323.28,131.915321,129.035532
8083,323.32,131.969193,128.997624
8084,323.36,132.038989,129.008961
8085,323.4,132.196958,129.058473
8086,323.44,132.370213,129.094626
8087,323.48,132.615376,128.958544
8088,323.52,132.771837,128.802329
8089,323.56,132.954857,128.727994
8090,323.6,133.051604,128.727739
8091,323.64,133.172931,128.722243
8092,323.68,133.319845,128.58292
8093,323.72,133.452379,128.567401
8094,323.76,133.549699,128.557567
8095,323.8,133.6705,128.558638
8096,323.84,133.830017,128.678045
8097,323.88,133.962502,128.845852
8098,323.92,134.106473,128.99429
8099,323.96,134.275296,129.115728
8100,324,134.354072,129.132394
8101,324.04,134.418334,128.998066
8102,324.08,134.504777,128.730724
8103,324.12,134.61022,128.418033
8104,324.16,134.805334,128.088722
8105,324.2,135.017186,127.777494
8106,324.24,135.135248,127.601538
8107,324.28,135.163714,127.534012
8108,324.32,135.081997,127.498282
8109,324.36,134.745327,127.513012
8110,324.4,134.16802,127.457065
8111,324.44,133.57536,127.582414
8112,324.48,132.888696,127.773332
8113,324.52,132.260727,127.942465
8114,324.56,131.660571,128.080574
8115,324.6,131.109935,128.283357
8116,324.64,130.690445,128.461622
8117,324.68,130.314012,128.675897
8118,324.72,130.0938,128.936398
8119,324.76,129.95571,129.054409
8120,324.8,129.895755,129.166359
8121,324.84,129.833417,129.182186
8122,324.88,129.791285,129.13828
8123,324.92,129.843654,129.090712
8124,324.96,129.934826,129.052749
8125,325,130.146597,128.969526
8126,325.04,130.324144,128.875124
8127,325.08,130.493093,128.817951
8128,325.12,130.650656,128.814006
8129,325.16,130.7622,128.848339
8130,325.2,130.86892,128.851928
8131,325.24,130.997187,128.712254
8132,325.28,131.09918,128.574369
8133,325.32,131.203013,128.529699
8134,325.36,131.338542,128.527448
8135,325.4,131.484243,128.548391
8136,325.44,131.535263,128.583689
8137,325.48,131.679124,128.555149
8138,325.52,131.986509,128.541423
8139,325.56,132.112297,128.572668
8140,325.6,132.238239,128.579476
8141,325.64,132.551621,128.702583
8142,325.68,132.729621,128.826438
8143,325.72,132.88614,128.864272
8144,325.76,133.045201,128.92385
8145,325.8,133.236145,128.889025
8146,325.84,133.364498,128.771222
8147,325.88,133.387679,128.536477
8148,325.92,133.4243,128.463088
8149,325.96,133.412153,128.456728
8150,326,133.406317,128.489572
8151,326.04,133.37222,128.54499
8152,326.08,133.333199,128.458702
8153,326.12,133.298409,128.39959
8154,326.16,133.266956,128.364973
8155,326.2,133.237134,128.418794
8156,326.24,133.218223,128.401108
8157,326.28,133.161716,128.451599
8158,326.32,133.101601,128.457649
8159,326.36,133.079428,128.4943
8160,326.4,133.072527,128.509236
8161,326.44,133.091846,128.590153
8162,326.48,133.104952,128.6731
8163,326.52,133.13756,128.824084
8164,326.56,133.138771,128.79772
8165,326.6,133.154075,128.767667
8166,326.64,133.145744,128.731211
8167,326.68,133.118617,128.590916
8168,326.72,133.105642,128.57814
8169,326.76,133.082456,128.493317
8170,326.8,133.067539,128.496141
8171,326.84,133.0645,128.560935
8172,326.88,133.036257,128.63387
8173,326.92,133.013298,128.71255
8174,326.96,133.01106,128.583396
8175,327,132.987733,128.478801
8176,327.04,133.022807,128.448104
8177,327.08,133.022843,128.481467
8178,327.12,133.081423,128.536381
8179,327.16,133.184531,128.532868
8180,327.2,133.201087,128.522824
8181,327.24,133.284731,128.52763
8182,327.28,133.369622,128.559662
8183,327.32,133.417349,128.664653
8184,327.36,133.461713,128.739506
8185,327.4,133.500923,128.817639
8186,327.44,133.535522,128.910338
8187,327.48,133.547086,128.918811
8188,327.52,133.553215,128.814098
8189,327.56,133.554627,128.594646
8190,327.6,133.524432,128.472058
8191,327.64,133.440405,128.310388
8192,327.68,133.414248,128.187998
8193,327.72,133.360803,128.132062
8194,327.76,133.397644,128.094023
8195,327.8,133.375697,128.055508
8196,327.84,133.363097,128.023766
8197,327.88,133.244852,127.825072
8198,327.92,133.134999,127.778046
8199,327.96,132.963906,127.887006
8200,328,132.802522,127.9672
8201,328.04,132.657995,128.025399
8202,328.08,132.484375,128.124938
8203,328.12,132.320802,128.243496
8204,328.16,132.236714,128.381666
8205,328.2,132.137668,128.59647
8206,328.24,132.005771,128.775785
8207,328.28,131.933188,129.050837
8208,328.32,131.891946,129.165676
8209,328.36,131.800268,129.145714
8210,328.4,131.794235,129.120682
8211,328.44,131.742045,129.102707
8212,328.48,131.767702,128.957155
8213,328.52,131.773829,128.92068
8214,328.56,131.818598,128.822881
8215,328.6,131.917966,128.810794
8216,328.64,131.949333,128.784263
8217,328.68,131.995853,128.818959
8218,328.72,131.961624,128.871108
8219,328.76,131.930471,128.814624
8220,328.8,131.903974,128.685557
8221,328.84,131.860046,128.58842
8222,328.88,131.841411,128.555406
8223,328.92,131.83655,128.552396
8224,328.96,131.886945,128.519728
8225,329,131.912047,128.508861
8226,329.04,132.027707,128.516115
8227,329.08,132.107943,128.518017
8228,329.12,132.274215,128.638452
8229,329.16,132.517938,128.740564
8230,329.2,132.630523,128.903143
8231,329.24,132.894681,129.040728
8232,329.28,133.022653,129.045643
8233,329.32,133.182819,128.96986
8234,329.36,133.310614,128.880575
8235,329.4,133.406998,128.74501
8236,329.44,133.412729,128.594593
8237,329.48,133.434861,128.463165
8238,329.52,133.425873,128.454211
8239,329.56,133.327679,128.485953
8240,329.6,133.27722,128.524971
8241,329.64,133.152077,128.57186
8242,329.68,133.01097,128.466129
8243,329.72,132.91649,128.407363
8244,329.76,132.881649,128.417271
8245,329.8,132.749661,128.467005
8246,329.84,132.673137,128.469634
8247,329.88,132.546556,128.454373
8248,329.92,132.501254,128.471432
8249,329.96,132.497652,128.55483
8250,330,132.436783,128.648538
8251,330.04,132.387426,128.713707
8252,330.08,132.334748,128.907147
8253,330.12,132.266582,129.029539
8254,330.16,132.198575,129.040926
8255,330.2,132.034546,128.965955
8256,330.24,131.973795,128.931936
8257,330.28,131.869383,128.823944
8258,330.32,131.832474,128.805892
8259,330.36,131.760912,128.718329
8260,330.4,131.758717,128.712905
8261,330.44,131.75137,128.7128
8262,330.48,131.77139,128.786677
8263,330.52,131.855038,128.79351
8264,330.56,131.982384,128.778614
8265,330.6,132.115798,128.674688
8266,330.64,132.229895,128.577383
8267,330.68,132.388596,128.559129
8268,330.72,132.496822,128.55022
8269,330.76,132.591937,128.478159
8270,330.8,132.808134,128.49724
8271,330.84,132.988957,128.475282
8272,330.88,133.10245,128.449689
8273,330.92,133.293403,128.490921
8274,330.96,133.490329,128.566851
8275,331,133.633225,128.660109
8276,331.04,133.811356,128.737795
8277,331.08,133.907122,128.766225
8278,331.12,133.947226,128.72629
8279,331.16,133.908113,128.589029
8280,331.2,133.818044,128.491593
8281,331.24,133.570544,128.369175
8282,331.28,133.132107,128.323615
8283,331.32,132.573007,128.31749
8284,331.36,132.000301,128.349556
8285,331.4,131.348625,128.384336
8286,331.44,130.804908,128.417642
8287,331.48,130.460856,128.358453
8288,331.52,130.302925,128.365247
8289,331.56,130.219892,128.397811
8290,331.6,130.293002,128.52397
8291,331.64,130.414889,128.621917
8292,331.68,130.589557,128.699138
8293,331.72,130.828944,128.773762
8294,331.76,131.140447,128.896568
8295,331.8,131.510853,129.059978
8296,331.84,131.798762,129.171893
8297,331.88,132.083288,129.306242
8298,331.92,132.227172,129.356029
8299,331.96,132.254906,129.29966
8300,332,132.236054,129.151631
8301,332.04,132.245814,129.031776
8302,332.08,132.120439,128.897268
8303,332.12,132.06386,128.89439
8304,332.16,132.095513,128.886592
8305,332.2,132.160714,128.898096
8306,332.24,132.252078,128.93952
8307,332.28,132.419296,129.055957
8308,332.32,132.52718,129.016479
8309,332.36,132.695899,128.859657
8310,332.4,132.815898,128.714606
8311,332.44,132.986031,128.669833
8312,332.48,133.06278,128.660883
8313,332.52,133.240699,128.622415
8314,332.56,133.390288,128.58166
8315,332.6,133.636848,128.630141
8316,332.64,133.734672,128.643461
8317,332.68,133.860358,128.711483
8318,332.72,133.973054,128.810298
8319,332.76,134.082527,128.977113
8320,332.8,134.126535,129.097555
8321,332.84,134.160509,129.147102
8322,332.88,134.180763,129.103884
8323,332.92,134.165004,128.90726
8324,332.96,134.138005,128.716095
8325,333,134.087339,128.647164
8326,333.04,133.956514,128.528092
8327,333.08,133.887114,128.509434
8328,333.12,133.900264,128.531205
8329,333.16,133.819271,128.541242
8330,333.2,133.791744,128.548829
8331,333.24,133.733483,128.530902
8332,333.28,133.664064,128.506687
8333,333.32,133.638363,128.605815
8334,333.36,133.550013,128.682506
8335,333.4,133.43719,128.669529
8336,333.44,133.319686,128.687504
8337,333.48,133.135694,128.732767
8338,333.52,132.96769,128.824868
8339,333.56,132.854403,128.926229
8340,333.6,132.810215,129.068418
8341,333.64,132.725712,129.112165
8342,333.68,132.686156,129.221445
8343,333.72,132.668084,129.264128
8344,333.76,132.610809,129.145234
8345,333.8,132.577904,129.121955
8346,333.84,132.518473,129.011566
8347,333.88,132.51405,128.919783
8348,333.92,132.488121,128.90371
8349,333.96,132.472739,128.863388
8350,334,132.562674,128.901609
8351,334.04,132.69002,128.982669
8352,334.08,132.728893,129.055799
8353,334.12,132.819331,129.050848
8354,334.16,132.99678,128.934332
8355,334.2,133.141604,128.84649
8356,334.24,133.272276,128.791797
8357,334.28,133.376401,128.795579
8358,334.32,133.502857,128.771949
8359,334.36,133.59224,128.736797
8360,334.4,133.785516,128.697555
8361,334.44,133.972409,128.695155
8362,334.48,134.061548,128.659925
8363,334.52,134.238928,128.759901
8364,334.56,134.353288,128.826759
8365,334.6,134.403989,128.879741
8366,334.64,134.430238,128.918024
8367,334.68,134.416522,128.891316
8368,334.72,134.359086,128.744236
8369,334.76,134.121104,128.573608
8370,334.8,133.921907,128.479551
8371,334.84,133.83136,128.393376
8372,334.88,133.7591,128.377361
8373,334.92,133.735053,128.375781
8374,334.96,133.862018,128.321962
8375,335,133.987776,128.146538
8376,335.04,134.040984,128.04766
8377,335.08,134.033443,128.062364
8378,335.12,134.027861,128.166741
8379,335.16,133.982686,128.29553
8380,335.2,133.942695,128.354733
8381,335.24,133.925183,128.446322
8382,335.28,133.892266,128.604974
8383,335.32,133.858658,128.731393
8384,335.36,133.863002,128.9395
8385,335.4,133.811793,129.101227
8386,335.44,133.674643,129.179167
8387,335.48,133.543443,129.200819
8388,335.52,133.460247,129.180074
8389,335.56,133.314618,129.090957
8390,335.6,133.093316,129.096636
8391,335.64,132.921269,129.055578
8392,335.68,132.839738,129.046408
8393,335.72,132.707707,129.043169
8394,335.76,132.721578,129.090936
8395,335.8,132.738619,129.119167
8396,335.84,132.763418,129.175881
8397,335.88,132.802709,129.175277
8398,335.92,132.920126,129.012684
8399,335.96,132.968452,128.985317
8400,336,132.987674,128.948198
8401,336.04,133.115189,128.880712
8402,336.08,133.115175,128.858139
8403,336.12,133.255291,128.838557
8404,336.16,133.383879,128.747854
8405,336.2,133.572222,128.73256
8406,336.24,133.738162,128.77649
8407,336.28,133.892791,128.853974
8408,336.32,134.094854,128.902148
8409,336.36,134.190555,128.969205
8410,336.4,134.285215,128.972007
8411,336.44,134.325737,128.907977
8412,336.48,134.337548,128.821236
8413,336.52,134.30579,128.733947
8414,336.56,134.294901,128.735666
8415,336.6,134.2379,128.69639
8416,336.64,134.142586,128.672026
8417,336.68,133.955505,128.750126
8418,336.72,133.808198,128.764513
8419,336.76,133.723241,128.709285
8420,336.8,133.407075,128.664101
8421,336.84,133.291749,128.730137
8422,336.88,133.21689,128.82556
8423,336.92,133.068504,128.878832
8424,336.96,132.954967,128.907416
8425,337,132.859597,128.928039
8426,337.04,132.689235,128.957307
8427,337.08,132.51695,129.062473
8428,337.12,132.430662,129.098845
8429,337.16,132.37114,129.266991
8430,337.2,132.336444,129.412617
8431,337.24,132.245328,129.392144
8432,337.28,132.228442,129.397974
8433,337.32,132.173783,129.299726
8434,337.36,132.075979,129.181304
8435,337.4,132.022269,129.068497
8436,337.44,132.090829,129.052717
8437,337.48,132.1089,128.972473
8438,337.52,132.167646,128.989492
8439,337.56,132.226397,128.955583
8440,337.6,132.329027,129.010671
8441,337.64,132.48107,128.92472
8442,337.68,132.729668,128.886815
8443,337.72,132.891916,128.720332
8444,337.76,133.173709,128.672574
8445,337.8,133.364861,128.621338
8446,337.84,133.48342,128.606832
8447,337.88,133.81385,128.55993
8448,337.92,133.923219,128.567525
8449,337.96,134.047831,128.529516
8450,338,134.113082,128.555055
8451,338.04,134.217192,128.549451
8452,338.08,134.334497,128.69094
8453,338.12,134.32967,128.709735
8454,338.16,134.425762,128.835395
8455,338.2,134.420363,128.740814
8456,338.24,134.495573,128.656982
8457,338.28,134.474382,128.465958
8458,338.32,134.528844,128.340253
8459,338.36,134.625056,128.15485
8460,338.4,134.677182,128.099844
8461,338.44,134.812297,127.98779
8462,338.48,134.906894,127.922903
8463,338.52,135.054429,127.806905
8464,338.56,135.20506,127.690437
8465,338.6,135.32223,127.622543
8466,338.64,135.409006,127.720696
8467,338.68,135.363077,127.79345
8468,338.72,135.405298,127.956391
8469,338.76,135.321446,128.045188
8470,338.8,135.210911,128.299068
8471,338.84,135.115498,128.465065
8472,338.88,135.02807,128.789179
8473,338.92,134.864512,129.03747
8474,338.96,134.835257,129.365671
8475,339,134.733998,129.5375
8476,339.04,134.601855,129.618237
8477,339.08,134.345507,129.598247
8478,339.12,134.166178,129.611616
8479,339.16,133.943498,129.505904
8480,339.2,133.665362,129.437047
8481,339.24,133.437326,129.340881
8482,339.28,133.227161,129.325122
8483,339.32,133.067802,129.291631
8484,339.36,133.080748,129.344597
8485,339.4,133.134918,129.289107
8486,339.44,133.366603,129.202196
8487,339.48,133.46194,128.990059
8488,339.52,133.607053,128.883735
8489,339.56,133.762238,128.793423
8490,339.6,133.795355,128.772709
8491,339.64,133.827291,128.666295
8492,339.68,133.870091,128.670028
8493,339.72,133.953675,128.585594
8494,339.76,134.067257,128.689465
8495,339.8,134.205668,128.699052
8496,339.84,134.359605,128.786685
8497,339.88,134.488756,128.798731
8498,339.92,134.594803,128.832263
8499,339.96,134.683213,128.752274
8500,340,134.710625,128.664129
8501,340.04,134.70904,128.435935
8502,340.08,134.730408,128.351861
8503,340.12,134.674225,128.209978
8504,340.16,134.670118,128.18686
8505,340.2,134.547707,128.1074
8506,340.24,134.375206,128.217424
8507,340.28,134.172035,128.136658
8508,340.32,134.068968,128.060023
8509,340.36,133.897005,127.939178
8510,340.4,133.636422,127.964351
8511,340.44,133.539327,127.986667
8512,340.48,133.424697,128.052065
8513,340.52,133.263763,128.026721
8514,340.56,133.144227,128.117092
8515,340.6,133.02801,128.168612
8516,340.64,132.999503,128.399698
8517,340.68,132.934811,128.552729
8518,340.72,132.852982,128.720605
8519,340.76,132.776292,128.705793
8520,340.8,132.712818,128.70018
8521,340.84,132.626016,128.583213
8522,340.88,132.609506,128.520131
8523,340.92,132.481895,128.437489
8524,340.96,132.466141,128.387667
8525,341,132.457517,128.376355
8526,341.04,132.440835,128.402005
8527,341.08,132.474606,128.393878
8528,341.12,132.597493,128.365945
8529,341.16,132.762501,128.437767
8530,341.2,133.018446,128.407593
8531,341.24,133.298238,128.229956
8532,341.28,133.666074,128.173912
8533,341.32,134.011232,128.101941
8534,341.36,134.363025,128.106107
8535,341.4,134.590822,128.07382
8536,341.44,134.747787,128.061984
8537,341.48,134.916947,128.05518
8538,341.52,135.007229,128.093324
8539,341.56,135.081667,128.12008
8540,341.6,135.139999,128.225095
8541,341.64,135.195245,128.299421
8542,341.68,135.178183,128.467372
8543,341.72,135.145082,128.479476
8544,341.76,135.171464,128.437251
8545,341.8,135.130956,128.282957
8546,341.84,135.189205,128.095538
8547,341.88,135.218879,127.90326
8548,341.92,135.294501,127.730446
8549,341.96,135.388405,127.482111
8550,342,135.495803,127.412943
8551,342.04,135.495448,127.322877
8552,342.08,135.296511,127.31806
8553,342.12,135.06498,127.267352
8554,342.16,134.585225,127.357203
8555,342.2,133.913725,127.453422
8556,342.24,133.261623,127.644431
8557,342.28,132.562536,127.685712
8558,342.32,131.997756,127.855298
8559,342.36,131.505506,127.964618
8560,342.4,131.246026,128.097912
8561,342.44,130.981725,128.245235
8562,342.48,130.964479,128.498486
8563,342.52,131.020969,128.58706
8564,342.56,131.19322,128.718457
8565,342.6,131.298936,128.691752
8566,342.64,131.44076,128.651311
8567,342.68,131.61945,128.509412
8568,342.72,131.694347,128.475532
8569,342.76,131.797022,128.396215
8570,342.8,132.034084,128.367386
8571,342.84,132.173014,128.323193
8572,342.88,132.376093,128.325222
8573,342.92,132.664986,128.32164
8574,342.96,132.932874,128.42188
8575,343,133.133961,128.203394
8576,343.04,133.399236,128.165417
8577,343.08,133.481751,128.04669
8578,343.12,133.592509,128.099745
8579,343.16,133.704981,128.074311
8580,343.2,133.778535,128.080953
8581,343.24,133.89328,128.020901
8582,343.28,134.098735,128.097873
8583,343.32,134.263058,128.091846
8584,343.36,134.420919,128.188195
8585,343.4,134.678549,128.323351
8586,343.44,134.795248,128.460794
8587,343.48,134.911295,128.507389
8588,343.52,134.960751,128.497362
8589,343.56,135.066432,128.412273
8590,343.6,135.095599,128.322383
8591,343.64,135.113508,128.088736
8592,343.68,135.111706,128.039105
8593,343.72,134.993768,127.931935
8594,343.76,134.987891,127.940373
8595,343.8,134.870065,127.896384
8596,343.84,134.806261,127.906371
8597,343.88,134.729294,127.85037
8598,343.92,134.619479,127.80037
8599,343.96,134.563369,127.77815
8600,344,134.564564,127.898573
8601,344.04,134.519603,127.90831
8602,344.08,134.429482,127.92662
8603,344.12,134.356761,127.961257
8604,344.16,134.327,128.022756
8605,344.2,134.300204,128.022707
8606,344.24,134.291283,128.213493
8607,344.28,134.289562,128.327814
8608,344.32,134.282839,128.43478
8609,344.36,134.296052,128.449492
8610,344.4,134.306935,128.476184
8611,344.44,134.271346,128.331824
8612,344.48,134.283315,128.314432
8613,344.52,134.273663,128.161637
8614,344.56,134.267476,128.132075
8615,344.6,134.257117,128.10109
8616,344.64,134.266735,128.142479
8617,344.68,134.258565,128.151386
8618,344.72,134.244342,128.31119
8619,344.76,134.190776,128.363196
8620,344.8,134.197606,128.284565
8621,344.84,134.167873,128.02616
8622,344.88,134.176992,128.064887
8623,344.92,134.1341,128.009906
8624,344.96,134.122693,128.020452
8625,345,134.047932,128.010715
8626,345.04,133.939859,128.01357
8627,345.08,133.894938,127.930143
8628,345.12,133.915879,127.980289
8629,345.16,133.961411,128.034231
8630,345.2,134.018168,128.131572
8631,345.24,134.066078,128.238598
8632,345.28,134.155769,128.24014
8633,345.32,134.201125,128.061224
8634,345.36,134.216084,127.994589
8635,345.4,134.184867,127.709061
8636,345.44,134.897893,127.128507
8637,345.48,135.382072,126.86184
8638,345.52,135.609599,126.775914
8639,345.56,135.569268,126.726276
8640,345.6,135.539368,126.772438
8641,345.64,135.482748,126.768374
8642,345.68,135.407443,126.707261
8643,345.72,135.336508,126.717335
8644,345.76,135.268656,126.819751
8645,345.8,135.217399,126.917969
8646,345.84,135.156054,127.051646
8647,345.88,135.049839,127.090154
8648,345.92,135.079401,127.221095
8649,345.96,134.99542,127.312354
8650,346,134.945011,127.476791
8651,346.04,134.889264,127.606156
8652,346.08,134.874455,127.736504
8653,346.12,134.773489,127.756314
8654,346.16,134.793496,127.835118
8655,346.2,134.731533,127.82768
8656,346.24,134.731292,127.76904
8657,346.28,134.728961,127.703899
8658,346.32,134.766023,127.684759
8659,346.36,134.851185,127.657274
8660,346.4,134.909633,127.636834
8661,346.44,135.031778,127.635074
8662,346.48,135.134028,127.746799
8663,346.52,135.378272,127.763996
8664,346.56,135.509546,127.730912
8665,346.6,135.581009,127.573522
8666,346.64,135.975597,127.583818
8667,346.68,136.056382,127.564831
8668,346.72,136.200807,127.5652
8669,346.76,136.438193,127.538172
8670,346.8,136.538465,127.579657
8671,346.84,136.634951,127.524858
8672,346.88,136.744899,127.595789
8673,346.92,136.854435,127.609145
8674,346.96,137.008194,127.712699
8675,347,137.066407,127.778257
8676,347.04,137.095756,127.872337
8677,347.08,137.10308,127.804861
8678,347.12,137.050319,127.75731
8679,347.16,137.09056,127.707264
8680,347.2,137.014662,127.641619
8681,347.24,136.910613,127.58259
8682,347.28,136.740804,127.581511
8683,347.32,136.618963,127.574353
8684,347.36,136.337487,127.620721
8685,347.4,136.170651,127.589975
8686,347.44,136.017356,127.644685
8687,347.48,135.808854,127.625203
8688,347.52,135.760473,127.676585
8689,347.56,135.673478,127.633946
8690,347.6,135.682326,127.666834
8691,347.64,135.647315,127.677849
8692,347.68,135.765921,127.713082
8693,347.72,135.766101,127.705631
8694,347.76,135.902171,127.747457
8695,347.8,136.042111,127.729266
8696,347.84,136.169624,127.66319
8697,347.88,136.295241,127.58321
8698,347.92,136.44991,127.577871
8699,347.96,136.456608,127.557842
8700,348,136.482924,127.564165
8701,348.04,136.445074,127.532312
8702,348.08,136.478989,127.529356
8703,348.12,136.420508,127.554405
8704,348.16,136.376853,127.611707
8705,348.2,136.331073,127.612988
8706,348.24,136.271451,127.72337
8707,348.28,136.222702,127.669398
8708,348.32,136.223073,127.644867
8709,348.36,136.181218,127.557125
8710,348.4,136.177607,127.537852
8711,348.44,136.196401,127.486862
8712,348.48,136.193687,127.515545
8713,348.52,136.117494,127.468381
8714,348.56,136.02272,127.478564
8715,348.6,135.880565,127.465905
8716,348.64,135.759795,127.457129
8717,348.68,135.650606,127.441781
8718,348.72,135.611201,127.472109
8719,348.76,135.622982,127.40699
8720,348.8,135.628772,127.41716
8721,348.84,135.673472,127.394885
8722,348.88,135.761556,127.353033
8723,348.92,135.788223,127.295003
8724,348.96,135.856341,127.323711
8725,349,135.925704,127.235049
8726,349.04,135.93348,127.242177
8727,349.08,135.992262,127.183697
8728,349.12,136.088421,127.099498
8729,349.16,136.117312,127.067178
8730,349.2,136.226205,127.060103
8731,349.24,136.274684,127.025446
8732,349.28,136.334809,127.043771
8733,349.32,136.481671,127.012751
8734,349.36,136.734197,127.081285
8735,349.4,137.098922,127.14382
8736,349.44,137.674895,127.301395
8737,349.48,138.382433,127.427641
8738,349.52,138.988259,127.648114
8739,349.56,139.539936,127.784237
8740,349.6,139.929705,127.829335
8741,349.64,140.174671,127.881598
8742,349.68,140.261167,127.917705
8743,349.72,140.337028,127.877645
8744,349.76,140.349609,127.88424
8745,349.8,140.401058,127.874048
8746,349.84,140.37213,127.840528
8747,349.88,140.235755,127.786954
8748,349.92,140.061905,127.74649
8749,349.96,139.927516,127.74542
8750,350,139.801094,127.756618
8751,350.04,139.736175,127.778676
8752,350.08,139.689841,127.823157
8753,350.12,139.680262,127.806331
8754,350.16,139.672269,127.86577
8755,350.2,139.603099,127.744841
8756,350.24,139.456472,127.809566
8757,350.28,139.263121,127.799138
8758,350.32,138.986784,127.738212
8759,350.36,138.703506,127.680968
8760,350.4,138.354225,127.695789
8761,350.44,137.824769,127.624767
8762,350.48,137.333898,127.587601
8763,350.52,136.752325,127.585671
8764,350.56,136.028837,127.645391
8765,350.6,135.24186,127.783561
8766,350.64,134.516539,128.056589
8767,350.68,133.687575,128.205321
8768,350.72,133.061176,128.63421
8769,350.76,132.636456,128.856986
8770,350.8,132.449381,129.104163
8771,350.84,132.506276,129.199928
8772,350.88,132.773937,129.278971
8773,350.92,133.070072,129.244918
8774,350.96,133.356361,129.251966
8775,351,133.541015,129.203065
8776,351.04,133.679639,129.127581
8777,351.08,133.874703,129.059383
8778,351.12,134.017938,128.982862
8779,351.16,134.124128,128.793928
8780,351.2,134.425214,128.76673
8781,351.24,134.547775,128.581176
8782,351.28,134.683954,128.45906
8783,351.32,134.848225,128.296949
8784,351.36,135.00478,128.24633
8785,351.4,135.216404,128.13153
8786,351.44,135.534959,128.095478
8787,351.48,135.99614,128.056752
8788,351.52,136.515673,128.051617
8789,351.56,137.078099,128.036739
8790,351.6,137.693405,128.050117
8791,351.64,138.419064,127.980237
8792,351.68,139.114925,127.97056
8793,351.72,139.795955,127.858537
8794,351.76,140.40777,127.824067
8795,351.8,140.856897,127.663076
8796,351.84,141.328039,127.643719
8797,351.88,141.616612,127.476008
8798,351.92,141.830051,127.428661
8799,351.96,141.829755,127.283093
8800,352,141.722882,127.153408
8801,352.04,141.457163,126.973019
8802,352.08,141.229516,126.899954
8803,352.12,141.104871,126.72444
8804,352.16,141.148669,126.656966
8805,352.2,141.185113,126.583054
8806,352.24,141.259408,126.512314
8807,352.28,141.21621,126.378573
8808,352.32,141.22229,126.332473
8809,352.36,141.140684,126.138356
8810,352.4,140.945318,126.041327
8811,352.44,140.778279,125.902456
8812,352.48,140.598823,125.812108
8813,352.52,140.186915,125.676757
8814,352.56,139.973953,125.630283
8815,352.6,139.745335,125.438349
8816,352.64,139.298908,125.398698
8817,352.68,139.001757,125.331775
8818,352.72,138.537617,125.320699
8819,352.76,138.165596,125.277194
8820,352.8,137.584322,125.300402
8821,352.84,136.940613,125.280712
8822,352.88,136.240954,125.30929
8823,352.92,135.500155,125.306176
8824,352.96,134.724407,125.387804
8825,353,133.614427,125.40191
8826,353.04,132.620761,125.542737
8827,353.08,131.54427,125.604699
8828,353.12,130.372633,125.777872
8829,353.16,129.132681,125.904927
8830,353.2,127.823704,126.108544
8831,353.24,126.315928,126.312803
8832,353.28,125.035925,126.679924
8833,353.32,123.600337,126.759067
8834,353.36,122.436809,126.9862
8835,353.4,121.106552,127.154714
8836,353.44,120.093692,127.305002
8837,353.48,118.991143,127.364934
8838,353.52,117.962058,127.517056
8839,353.56,116.823005,127.560415
8840,353.6,115.961926,127.600346
8841,353.64,115.013206,127.625111
8842,353.68,114.231098,127.706423
8843,353.72,113.587046,127.696769
8844,353.76,113.114439,127.741767
8845,353.8,112.564158,127.700437
8846,353.84,112.485734,127.733309
8847,353.88,112.263482,127.750448
8848,353.92,112.338744,127.819781
8849,353.96,112.137882,127.825993
8850,354,112.226399,127.892209
8851,354.04,112.213362,127.912349
8852,354.08,112.445733,127.912084
8853,354.12,112.558963,127.962868
8854,354.16,112.777877,128.093553
8855,354.2,112.8915,128.078138
8856,354.24,113.197372,128.145192
8857,354.28,113.349085,128.114562
8858,354.32,113.623964,128.131009
8859,354.36,113.931344,128.151015
8860,354.4,114.313831,128.141775
8861,354.44,114.607503,128.143087
8862,354.48,115.209019,128.145175
8863,354.52,115.633421,128.120586
8864,354.56,116.260728,128.116782
8865,354.6,116.805946,128.083584
8866,354.64,117.446134,128.048152
8867,354.68,118.030218,127.878881
8868,354.72,118.646183,127.836718
8869,354.76,119.141833,127.665011
8870,354.8,119.758291,127.565724
8871,354.84,120.303604,127.504095
8872,354.88,120.971038,127.436201
8873,354.92,121.426247,127.366639
8874,354.96,122.078631,127.301012
8875,355,122.658117,127.21187
8876,355.04,123.255792,127.221271
8877,355.08,123.839581,127.127947
8878,355.12,124.412216,127.096198
8879,355.16,124.898943,127.056118
8880,355.2,125.44033,127.073805
8881,355.24,125.858152,127.047295
8882,355.28,126.44152,127.049263
8883,355.32,126.828163,127.051443
8884,355.36,127.335675,127.086618
8885,355.4,127.592946,127.0271
8886,355.44,128.007694,127.121996
8887,355.48,128.313183,127.121401
8888,355.52,128.640218,127.247182
8889,355.56,128.735927,127.31758
8890,355.6,128.876183,127.487049
8891,355.64,128.927037,127.604006
8892,355.68,128.910993,127.794083
8893,355.72,128.79189,127.802158
8894,355.76,128.704213,127.884604
8895,355.8,128.468977,127.909857
8896,355.84,128.151894,127.83992
8897,355.88,127.850562,127.75282
8898,355.92,127.429792,127.70918
8899,355.96,126.853859,127.548716
8900,356,126.353016,127.388668
8901,356.04,125.760112,127.242858
8902,356.08,125.138894,127.162291
8903,356.12,124.373227,126.951568
8904,356.16,123.733498,126.879761
8905,356.2,122.949594,126.68
8906,356.24,122.164071,126.59041
8907,356.28,121.288124,126.507107
8908,356.32,120.428006,126.444233
8909,356.36,119.50247,126.418672
8910,356.4,118.641019,126.482067
8911,356.44,117.639792,126.54223
8912,356.48,116.858645,126.839751
8913,356.52,116.067004,127.042593
8914,356.56,115.456079,127.392768
8915,356.6,114.743163,127.69164
8916,356.64,114.210623,128.055233
8917,356.68,113.640566,128.325503
8918,356.72,113.384523,128.709276
8919,356.76,112.873943,128.893006
8920,356.8,112.561545,129.051698
8921,356.84,112.145712,129.173914
8922,356.88,111.934865,129.308061
8923,356.92,111.488858,129.352025
8924,356.96,111.462668,129.443269
8925,357,111.113053,129.443388
8926,357.04,110.989292,129.465741
8927,357.08,110.721506,129.408803
8928,357.12,110.676503,129.289042
8929,357.16,110.421748,129.050445
8930,357.2,110.373091,128.885945
8931,357.24,110.208466,128.654204
8932,357.28,110.268408,128.457657
8933,357.32,110.10262,128.22812
8934,357.36,110.217967,128.058213
8935,357.4,110.224661,127.861144
8936,357.44,110.458184,127.729201
8937,357.48,110.588032,127.570178
8938,357.52,110.921052,127.476364
8939,357.56,111.095756,127.283606
8940,357.6,111.544661,127.227424
8941,357.64,111.855113,127.049603
8942,357.68,112.442497,126.895867
8943,357.72,112.90711,126.780349
8944,357.76,113.694249,126.665054
8945,357.8,114.580616,126.417092
8946,357.84,115.816264,126.330273
8947,357.88,117.246734,126.219331
8948,357.92,118.749415,126.146329
8949,357.96,120.274489,126.011544
8950,358,121.760496,125.990619
8951,358.04,122.972231,125.979379
8952,358.08,124.225031,126.030708
8953,358.12,125.222178,126.058806
8954,358.16,126.243971,126.093025
8955,358.2,127.210197,126.059527
8956,358.24,128.16968,126.053089
8957,358.28,129.231145,126.034285
8958,358.32,130.228782,126.096059
8959,358.36,131.215215,125.944221
8960,358.4,132.193895,125.823227
8961,358.44,132.999511,125.689354
8962,358.48,133.655913,125.597787
8963,358.52,134.47212,125.60907
8964,358.56,134.47211,125.609027
